200 70
2541 75
1299 60
4213 7
1865 94
4862 14
4472 52
626 69
9036 68
717 66
9409 67
2691 43
7004 22
99 14
9350 86
844 22
6972 32
5579 26
7692 17
6803 99
5329 96
4114 46
3388 78
1620 77
9016 97
7502 86
7851 83
870 48
5065 26
8047 28
9720 39
7799 37
6818 65
1692 24
1958 59
3086 60
8014 16
575 41
410 30
8996 96
6153 47
7938 29
5774 98
8702 46
6373 98
3871 2
2600 5
6356 24
5891 77
6599 38
3415 46
6272 3
163 87
629 28
2736 82
7167 21
8979 23
68 39
7024 47
8482 23
4435 62
6258 85
7329 15
340 48
5187 22
7368 38
4723 90
4238 45
9243 75
9175 89
3024 75
4742 96
2547 55
3786 89
8808 58
8458 96
8609 48
4988 48
2491 16
2432 3
5045 36
199 75
6922 99
8587 19
1050 98
9955 6
4870 20
6881 24
7008 76
1333 60
4370 37
3949 59
3466 25
6174 92
1015 92
8123 21
9027 47
6855 55
9061 31
5553 9
9205 68
5945 91
2630 56
7655 89
4230 37
9233 42
9442 48
9515 50
2314 80
5545 8
6682 1
4358 50
1476 7
403 28
7326 90
9075 63
2490 99
7675 4
1936 89
8461 76
8147 49
631 88
9650 79
1176 77
702 15
992 71
1600 7
3461 88
8284 83
6023 54
4906 30
2142 24
9002 61
2175 79
9434 33
3938 77
700 81
6121 60
2623 99
7134 10
5448 17
221 6
3741 90
7168 5
6032 67
470 7
2156 97
4676 21
7069 81
1632 77
989 49
1532 36
5765 87
5471 14
4819 3
5745 43
2737 18
8275 77
511 65
7770 27
6271 15
2533 59
5602 75
8419 54
1172 24
9414 78
9467 27
1084 40
4811 90
4297 21
5253 68
6928 41
2193 99
2095 76
5933 71
7718 71
1869 84
6629 18
9984 52
2788 45
9998 15
7926 72
788 4
9672 6
472 79
9917 64
9690 99
3581 34
374 18
5791 51
698 31
9004 22
404 22
3299 14
9918 76
9420 19
4280 64
9952 34
6543 59
1038 97
9182 22
