3000 2000
9783 761070
2131 476708
1172 866228
4620 1882
2985 960955
2131 444465
8404 780734
4372 500185
5552 188493
2987 925923
740 807617
3928 133612
9046 987259
8399 43047
5250 362398
954 992160
3626 591486
138 510174
5137 208621
2532 356601
6353 259925
4049 973212
4521 718329
4585 576884
1325 91364
8307 741657
3569 891760
4546 966634
7031 36178
3943 445485
5807 499532
4195 558400
2160 612643
366 294640
370 474171
3771 564877
6139 234337
4826 358308
3020 730166
6333 664440
277 520690
5647 558173
8944 899365
8224 442467
1500 656332
8623 576027
6380 141980
9106 168079
6051 715369
1665 116466
8751 924558
1815 766387
9893 818294
8279 447430
37 165937
6703 278463
1761 531656
5515 388461
9544 43950
6925 540179
4424 280112
321 65417
563 383179
8527 450804
9366 227918
7507 406820
4380 701325
5747 926357
6026 557948
3966 995574
3741 217167
7047 591742
8100 836260
8044 437069
4569 641392
1037 957508
4033 311636
6740 609335
7411 824191
2433 597370
2141 635645
9031 973121
3193 581792
1864 993571
8789 673753
8720 332566
1731 556371
2853 243666
8446 803049
7072 684191
3471 853903
6355 681729
5962 137828
301 199585
3760 619740
4545 522341
1054 209356
212 265090
7696 991432
3128 938379
4808 346567
4435 899535
8705 601552
5951 376991
3898 833631
4985 214120
8721 460169
1506 738747
4474 663574
4765 854195
5802 475218
8707 323441
7191 257575
3437 268333
874 20217
9071 613015
3393 808858
6865 315103
6000 25037
9050 5385
6096 110615
1334 177394
8853 977714
7143 763709
6731 926447
3042 912206
6033 956815
3658 74768
8272 640149
2233 853737
5199 871700
595 612091
3860 97896
3398 911828
7208 734015
6286 870747
1947 547407
3750 489490
4647 81238
8993 337278
4750 853139
6043 432592
3091 84008
7078 822990
3778 370679
6953 378453
3577 339510
4252 956899
7779 420618
3303 103040
4986 710785
2847 439679
2197 293053
7197 254593
4484 912982
2718 651295
6491 13570
2128 996735
2606 975708
6304 497880
6091 357673
1762 584115
4287 194863
9803 214733
8444 593849
9909 37502
5029 302198
3738 407032
9553 804240
4014 753422
895 578252
3656 988540
6391 487859
9289 677166
3023 829841
5618 790372
4233 632402
6220 952281
4033 783940
425 225263
176 517173
3059 83084
4164 997181
1374 425947
9557 565723
5151 365047
3946 740196
6660 346531
8151 141260
2163 491894
9501 653536
1274 22394
4532 798715
4969 731632
6037 219239
8749 481488
5166 960876
2309 928174
3903 240084
4684 19143
2775 749125
5135 720012
8966 9032
2238 746763
8790 596015
342 427255
4666 564173
7917 566394
546 827354
3573 922456
1408 953082
3847 98407
8459 903791
2922 747215
2546 448527
8186 858304
9760 761667
9072 875611
8821 118751
5199 877722
9517 983598
1469 609228
6300 849079
7939 112528
5222 752237
7376 549422
6182 175768
5033 188655
3593 842334
9264 579132
7867 824784
835 452993
5463 611876
6304 985873
6267 20683
9392 440496
2089 934565
7991 876377
5506 875153
4618 67464
6678 697268
2573 506360
3485 435175
1111 829658
2641 199782
4380 876948
3543 845441
1559 137111
7367 320337
1481 648926
3796 864011
4783 65419
8002 758399
3585 834070
3597 61881
3394 392154
2594 335143
4900 706473
2727 32035
8090 201406
1228 569139
3296 415842
3581 191766
7773 416464
6843 681989
8609 546318
2594 290712
5703 945294
8386 660860
1600 336171
9511 120075
5580 55963
5076 765347
8271 210896
3344 87878
4932 884338
3085 176881
1393 835500
6769 205682
9242 66389
1667 953867
8256 649869
5569 740364
3989 792229
8099 369798
678 283259
9075 351302
3820 940299
6446 753216
465 954583
9436 278069
7943 516872
4743 987756
3115 692986
5474 31535
5281 592204
8317 106778
8978 17306
4085 464658
3134 199586
3255 192391
8732 765257
8737 198691
657 749864
2470 58988
2812 230180
9200 29746
1924 59785
1385 376856
3391 675948
9562 90159
7780 264067
8875 894977
7058 76059
142 115483
6087 493256
5151 88900
613 669942
5734 125874
4279 332043
6851 300921
6777 600184
1693 4948
4921 5439
1070 21783
2579 335584
334 943012
6656 338055
3312 893111
1182 838750
5199 788132
2758 69901
6634 798314
194 177194
9961 357849
5403 318742
1981 340853
5980 814196
2111 948998
5830 358425
7249 503072
5677 252661
5232 240993
267 349286
4289 775517
1216 958312
7512 293268
8788 606321
1879 230
3917 964316
7184 419507
8972 520780
6441 273238
4113 903371
9200 573096
2479 145622
4289 297046
4146 125545
6071 557137
1395 12599
298 690626
4702 257461
926 387531
3561 644140
9869 446427
7088 791192
2246 642480
9070 662493
2089 520256
4497 31945
6614 23841
6237 348556
6182 349887
4848 249707
7243 451863
2155 229780
6192 773394
8065 931633
660 626893
3615 503808
9272 76443
5567 551885
9290 379245
9143 521850
6768 142697
3777 887730
1058 214202
2590 32997
7975 840402
1686 316702
4400 644057
6705 919317
7392 306516
3707 471210
949 334854
9744 904204
2249 781411
5767 393670
2986 109366
888 463418
5844 845606
6969 116988
3374 684808
8348 950994
2429 4901
593 257945
3668 394980
2483 724887
6433 604163
3621 705015
7169 224585
4976 551258
8965 573341
5960 919936
7477 729559
3368 752634
8589 822353
1033 645080
4170 569884
5047 98150
58 676092
9762 186376
2330 599879
2562 152568
5450 917487
4222 291514
416 696584
5861 230703
3584 234033
5169 583606
5210 621106
8680 300980
8949 556735
3982 170142
4471 749526
9294 432077
6318 645853
2354 411789
4957 905398
5504 923516
97 55951
5817 440144
53 62096
3699 391017
6949 367316
1259 595941
2107 821778
1115 539926
3724 911147
4745 269417
7835 624768
1304 93215
4055 323023
983 707092
9395 735542
3634 139882
6779 620971
5756 217138
1571 185053
6069 490857
428 841400
8373 776075
8969 508081
506 343515
8549 977089
2719 384830
6988 695858
2347 918887
8289 428684
1237 940641
3109 3489
871 81501
5526 690035
7983 237254
2273 748954
4248 761034
4004 395483
1739 907416
5666 686345
5378 830103
6253 224425
6984 87708
9345 6234
6983 414765
4714 467853
5463 821549
7206 121697
4694 743423
4536 338175
716 900075
2530 678586
6261 258214
700 317550
9444 797637
6023 931805
8530 324902
8039 505180
2779 555229
1890 925286
5925 483536
12 336519
2252 509422
1729 487692
1247 633186
5297 775254
2006 46870
4142 492049
5526 995917
2383 827643
6148 96908
7303 228018
108 106033
4664 162813
3643 122552
3007 91724
1540 119914
8135 430316
5766 961218
5342 52148
1736 520829
3840 785209
4678 679003
5937 238225
8934 841639
8160 532887
1111 508630
2787 29932
2370 694164
7704 192322
4367 539372
2623 152427
9257 109495
7648 496091
1144 881543
1406 950221
2402 228734
4458 494209
8321 669087
1981 25894
2282 589898
6839 896046
5059 762824
1625 431963
3703 257780
8739 142358
641 122369
3040 142988
4295 248718
9482 550520
9720 408576
3286 655725
1957 702036
4982 803469
6518 16931
5920 328199
6568 282952
3977 145344
2745 732686
4904 15123
7110 992363
3340 345713
3184 236107
5039 82263
9397 24404
1368 162688
6454 415036
3606 329963
9746 70883
7621 680029
6904 340560
1671 684752
2325 311879
4336 758721
4384 672327
9905 60472
8948 954699
8443 191563
3776 118744
9810 838735
292 484372
1165 199283
6504 664576
5207 422458
1542 55066
8155 627244
9755 86233
2272 914654
2143 922783
7993 687049
4499 816530
6793 172802
8950 606260
3114 664935
6667 42
9416 978031
9233 336362
5024 500282
4030 113579
5241 339670
4580 600755
1041 259651
6146 450587
1884 533126
9066 186590
5324 972147
4102 94735
4422 501628
5278 324499
2748 577414
6217 443808
5835 696046
8397 769333
9557 617120
9017 699362
1427 689100
6877 953466
9851 750702
5283 56177
1244 374289
2614 727817
5554 141775
4157 441078
6564 826052
3398 557550
7153 125680
6502 746495
5750 384692
2327 490250
4528 647577
2943 894498
2806 808457
3048 74634
3684 451022
3742 703914
4071 908460
2038 36555
1341 945569
2214 209123
8940 748277
6601 268298
9284 945527
9854 331011
4069 743228
8528 348499
9539 125208
703 820846
1801 608888
8611 169034
3857 400971
523 7441
4708 809881
5360 253170
449 233613
9092 341852
5295 3965
7162 488193
3526 269521
8633 959777
3415 17189
9839 482559
1020 931707
6481 981402
1625 687423
6298 984219
4831 253250
2942 308967
2057 118230
6102 138403
9840 84570
1259 861001
5083 840486
2777 12453
5923 616066
1383 990284
7996 987134
4709 988739
9649 162692
7863 664014
1076 474387
8875 407222
720 163573
1113 903728
6517 3622
7346 394158
707 163942
4810 627589
3536 999643
6377 252194
9843 140778
4871 360453
6877 510783
4271 103222
8224 822446
7456 145451
1048 312732
6901 794346
6930 212901
2526 75259
3247 106411
8989 703261
6828 676152
1826 612417
6189 609293
8068 158840
4528 714449
8580 798384
4287 966537
5775 186672
1931 955901
101 48130
2277 41771
8707 808788
3675 853434
831 271256
6408 472384
1731 258985
3673 355261
1389 439233
7702 914276
730 870923
4464 300744
8012 167581
4653 606259
5499 423770
8548 771857
9134 239610
1385 463904
7967 503161
1609 661851
1095 930639
8864 677241
6462 783482
5576 872694
267 947559
1216 331407
3513 183092
8929 373973
6474 798013
3436 555919
695 705176
2145 204630
6615 294704
9753 654266
1039 503430
3374 809822
8637 506437
2423 48442
1379 143704
7292 294497
2388 104666
5618 54116
3379 135070
6939 376335
9969 699607
9667 995932
1804 94932
3461 717341
4269 605561
8321 808522
5747 761072
3424 825798
3509 776089
5143 513935
2855 697623
4615 9548
6749 779108
3991 681585
8928 212434
5524 478435
5562 232600
5865 950346
8865 772371
533 142696
7601 919174
142 336780
1321 624001
9871 131264
93 449116
7691 183297
4536 771392
7079 845108
6526 606296
7154 154997
9106 14653
6415 848787
3231 544040
8936 268100
4034 653464
4375 309073
9065 374909
5544 595174
199 264243
1428 184072
8614 603065
9978 475611
4502 718584
5012 289481
9246 596211
2613 610687
8727 919278
5861 684593
7028 500488
933 850720
4858 593328
1796 679047
2696 660999
3119 660612
2739 156650
1265 721732
7858 440982
2818 312981
3031 351471
1029 141405
2411 221853
4398 606135
7177 516676
9321 116167
1904 446059
7195 183981
2541 832559
5512 149521
5900 994261
5701 764849
4680 735362
9170 509437
2682 216493
9476 652550
5001 378388
2811 214164
8513 657344
7880 30077
3827 811180
2059 959250
6295 627750
1845 134488
7721 249646
8928 649014
6564 216548
969 60441
8512 134331
7270 700614
8162 145759
5271 204082
7744 102388
1020 853475
7468 446546
6881 320094
7772 331019
1994 37759
2671 380325
4569 613055
5369 575905
5475 764621
1101 944445
2866 885802
7534 564105
342 336344
5578 967926
6544 610697
6850 269386
5998 726120
266 248851
7803 391576
594 922442
3414 439421
8440 552123
5902 875402
6867 308323
5201 404823
7510 458268
4490 456987
5463 962521
865 166179
4040 309441
2016 772228
1630 579713
9255 555082
3104 702500
461 74090
1236 327345
5375 469399
9419 626099
3391 416735
8914 848217
6434 530975
6779 187211
4386 160510
3518 427421
4145 783031
1864 700574
423 943360
4257 845708
6289 24169
6148 606942
5434 167214
5421 28483
7727 655280
2612 124471
1284 328511
6074 51787
7049 40485
6753 501742
9289 643535
2534 842194
3986 377385
5959 179645
9492 834095
1355 764563
8088 521522
7168 608789
4030 53863
1138 207437
6049 138869
7931 355969
4643 235027
6787 520763
5501 371868
1877 636666
5860 422262
3514 231110
6445 872263
2943 93415
8810 970684
4555 114656
4973 920944
5177 16451
9438 12108
7050 804380
6614 482639
8070 941609
5588 269162
6089 811935
8969 104729
8775 982126
7599 12142
6425 522310
2873 516982
2448 94626
4311 22793
1318 505190
5707 633421
1848 296901
958 872033
1907 287662
2537 31579
8126 424328
4790 289395
1373 818943
4799 369856
4276 529332
5024 698219
1087 503820
3942 941362
1401 374137
1702 513022
8158 675386
7332 826244
4827 21835
2274 625054
9109 382955
9004 23074
5989 128187
3878 614849
2765 492043
2405 524466
6397 139237
5082 609924
1708 123998
4730 102631
4055 783247
6543 935095
5579 747917
1210 165233
590 261738
8994 537101
994 661865
5599 34433
5172 69079
2873 911105
1564 784904
4765 530240
9938 82448
3491 633162
7290 203018
4679 581015
8341 882918
77 784886
7064 976959
9068 281686
8256 740740
560 961230
1962 959834
7650 169278
9899 832165
7934 451539
2210 525161
2763 294876
8407 366764
4304 74669
7082 663179
5983 429049
2096 817182
4518 515715
9232 913120
8008 7882
3481 998860
6485 839351
3364 295412
6485 427208
9285 793236
875 161709
7880 733970
829 808233
1356 686435
7881 160052
6791 700898
8232 787289
2395 451411
3806 567717
9188 196666
6895 380503
5001 237224
4376 109421
341 377902
5524 255570
6382 555829
2292 772268
9217 781444
9507 209269
6499 804780
2267 856267
6682 934054
7485 606289
1108 140152
8824 819528
6993 12385
5454 767280
9267 642755
822 233970
4722 758248
8263 725449
7657 900348
5616 799608
8196 474273
5254 236988
8345 431466
1799 515811
1940 125147
9449 147112
2281 269526
4353 368362
5631 836820
7390 715287
2548 941035
9671 276393
1942 376527
1981 573696
7262 613920
9136 316132
2417 380490
4989 295220
9333 5147
3598 470903
712 490463
6456 566479
7058 517701
9394 282755
4222 547328
4534 240480
9160 866714
7795 139291
3128 394071
6989 305251
7612 218429
4181 443771
6491 37216
4251 626937
687 156396
615 945828
6805 466747
9610 327542
780 148839
1911 576014
1511 139624
7402 958106
5800 341238
955 81598
4437 999244
4943 310848
4871 934717
6471 966495
4028 75938
1064 87960
5106 114037
2513 338839
1548 317305
4508 968131
3784 233826
2538 146582
4936 341203
2218 862119
6293 76316
3353 745121
5108 527502
9157 666892
6012 201562
4994 578756
432 251995
9911 246697
8356 278784
1610 288927
6163 590642
6424 829366
3199 563191
9159 930813
5538 155950
2932 476744
9824 824409
3034 221521
8824 492555
743 150764
7165 831323
2122 963613
9919 418140
5228 330840
7726 63918
524 872921
7147 182721
6006 928828
147 616752
6622 577988
737 179249
6640 586976
4254 461914
2885 668923
40 325251
7971 194233
6178 146607
318 832796
6416 233383
9566 625965
9948 684250
9207 910764
3310 940813
4895 525826
5783 269169
3265 999598
2614 589278
6061 984170
2978 822775
9341 883030
1049 658795
4939 953926
180 700179
9907 398320
6767 928708
7558 597693
9640 651202
8213 138109
5036 625269
324 531744
2204 952995
4721 125275
4375 738163
8087 182217
3226 382331
3389 949632
8993 203844
5748 935128
5791 337897
3679 5820
8384 544135
7689 570345
6680 309155
305 349944
495 149951
7835 130575
5548 16832
1313 266159
544 748898
7902 37129
9301 980988
5250 70686
2183 218932
4758 76057
5575 759546
6350 4880
1676 273009
2841 538602
2979 51690
617 332913
6814 743465
426 594781
1031 833119
542 237911
602 167630
3198 705076
8359 296340
8027 381567
1894 335803
8729 946849
3130 593249
6300 958879
901 78050
4536 597389
5362 515570
3 335615
5841 159519
5655 907847
1082 439450
8109 64255
2890 456676
3731 603864
272 758412
9844 460647
5482 95018
8165 956643
8855 323544
8866 461905
2323 475922
5073 704022
3597 313532
3271 660852
8910 771658
3259 122126
5040 230656
4977 191559
589 248716
1234 118451
2928 711514
6723 626081
8426 26757
5041 671843
2032 890627
1516 276269
9186 741446
1013 617084
640 136540
901 510688
8971 858228
9193 929149
9789 877955
4369 996524
6041 161275
2029 147049
5262 724801
980 544744
7348 20650
5964 697523
9474 503935
1382 110860
3048 102629
5928 196511
8504 487155
8905 53149
2598 709218
6937 719307
2203 592619
9106 772671
5446 685713
7453 624080
6916 402289
5922 138664
7333 980160
1355 221511
2661 708379
4705 913879
6316 307248
9837 946508
5868 435838
1836 787442
9381 427462
8204 268767
5424 309912
4801 872278
8660 575742
6890 946274
5389 305417
4119 104957
7610 151763
2300 74977
7644 238731
3150 71458
6202 421215
6358 807172
7300 62858
6561 153661
9 552754
6125 157466
3208 731191
9851 221617
464 728312
7489 878020
972 338388
2655 811850
6092 711423
3498 268858
7557 519563
4736 425874
664 648313
3654 784103
5097 344651
1520 915830
2392 471695
6773 971976
6252 489646
8651 860263
6554 577108
7016 242326
6670 497392
4557 242875
7526 517344
2791 184691
3385 419814
8481 879317
7822 339596
8166 941091
8114 597730
4458 501901
3662 80609
8199 471324
6406 761853
1703 179140
2303 218671
3263 859309
9606 641137
6629 563830
135 872235
8390 479614
5075 687944
8691 414309
4623 979118
178 531430
6043 222942
7226 954539
7613 3198
5047 744823
1670 141538
1821 951840
4161 815140
7318 495591
3291 158011
2644 607167
4561 282290
7881 413917
3892 448593
7387 2023
1175 436577
3711 311513
6201 961008
9607 267647
8730 27928
1884 674568
8500 153620
923 501825
2365 731859
7700 736763
9321 698874
5198 374367
4294 449920
3045 978749
3191 903708
1330 917079
5193 297720
7764 237996
6814 585170
1267 930332
576 36938
4499 288357
1466 678062
1344 457848
3882 851688
3877 62665
6046 431304
3343 35289
5800 7280
5655 30710
2384 257371
4207 619564
3468 625112
2479 646837
5849 241819
3692 967266
5147 524960
3690 59407
1955 913243
3331 525408
6671 803294
3155 60761
4248 616797
9352 267064
6461 960483
6559 932431
1809 329751
3703 230686
4716 329289
5354 806537
3895 873266
6760 907256
7787 554266
5539 742667
5477 874789
3238 729825
5514 869427
9408 282345
1005 725118
2414 219317
1357 719047
5191 888218
9043 997094
8740 40391
7495 638270
5386 710790
538 857533
1911 739091
1193 727977
294 379805
7627 326689
2146 334281
3547 37321
9715 912771
5743 978876
2824 995558
8500 9685
2018 236213
5111 530074
6466 980808
6208 414900
9203 826805
3267 67124
2753 965584
5880 367741
6865 3447
6028 360498
6805 122944
8685 578512
7213 800844
5177 554124
8897 257625
6091 215976
6066 301711
2111 121932
9670 42193
610 355471
8086 270941
634 684153
3745 255415
5817 819300
7782 609422
6180 738907
5081 870763
1552 429838
3311 672656
4740 969440
441 571561
3759 882541
2596 878011
2393 810461
1952 36067
4210 392121
6755 187868
5723 295505
9772 228127
6607 372192
9478 379422
6145 997056
6493 630268
1559 971663
745 345885
3626 855719
3303 886857
6821 212370
5493 756229
1761 4268
2767 582530
588 895788
7044 685636
1660 607333
3028 150787
8956 187507
7738 779232
3633 602721
2863 43560
1722 407619
5168 711917
8932 347580
7415 70506
6263 763503
1841 784268
4413 125601
19 956234
2119 548698
186 519833
842 42826
4475 539849
8055 949078
1018 1037
2994 336465
7793 642372
5052 996836
2434 992004
7060 654140
9295 480163
8880 910659
7751 92380
1732 461380
8015 452299
3267 714744
869 460386
4580 276238
1881 876613
2963 969985
4181 713807
9127 121729
6684 876131
2934 269028
1035 635645
8146 135569
2234 726538
5557 774167
3582 483191
988 481240
9343 829691
4147 451512
1796 219099
8185 722224
5723 904559
870 519385
4564 15861
8866 445307
755 404301
5958 818572
519 901834
5494 331319
2206 67123
3379 553664
4470 605696
9341 301868
685 855264
3558 30543
775 494016
5382 830322
7661 864771
4985 286637
116 674125
4227 943140
5676 332341
8074 802214
3904 619328
4669 986345
4552 598925
2148 218914
4158 931943
109 566331
7783 174347
3069 944601
876 210142
5226 186609
5409 348226
2452 593799
3940 719166
1759 503431
8505 504132
3877 177648
7886 423862
3343 731836
8777 250046
3171 637300
2187 556824
9555 664708
93 786695
4248 848973
3274 783283
8947 109182
980 619192
6993 659742
7442 712505
3281 498350
9265 909979
4712 523096
5048 971756
5269 791140
3521 785226
7355 616382
7134 852561
4844 14548
3897 336732
3187 615932
5675 411009
8704 967702
647 62696
6286 205360
7798 384606
9397 798269
8267 313202
6183 276483
5532 54318
7154 971615
8284 689055
575 416712
224 147362
522 761086
704 400067
1067 299267
3161 577221
841 417073
4374 921775
3875 331371
1537 249614
8875 326991
8837 852138
2644 167138
6769 922398
1395 421186
3871 89417
8264 67786
6882 748288
17 149234
5323 881611
8070 127726
4897 918305
6752 650389
6421 148596
84 303115
1680 680007
6831 502254
4995 373801
2110 865262
5580 61507
911 784390
912 539668
6211 723092
8402 294344
8133 384807
3640 486302
3101 424564
9634 469844
5523 669486
8747 744279
5407 830314
9833 808086
9671 222894
8831 642355
1652 348288
6382 340314
5745 966556
3348 44242
9575 506375
4302 254791
5265 185992
3371 533488
8023 401479
7447 417551
1863 54524
6966 30220
4379 427942
6724 673255
3359 564605
8732 172010
5965 547793
455 187999
9921 14508
3875 258614
9877 879007
5951 75980
1567 262215
3797 94447
9164 233685
3366 732478
4324 299282
6220 616258
5071 196505
5039 694191
4837 576650
7893 235040
9909 299325
1261 883197
6947 419090
3355 376201
7721 865331
4698 281542
3778 954892
9947 213525
1339 485615
2662 824516
6763 187044
9359 736960
7509 595499
2754 686858
4100 125065
8017 213525
393 585813
7224 853290
9109 464372
8742 310413
8529 661934
2264 822471
2319 531226
3363 194248
7280 928846
3385 643939
414 392537
1493 908738
4842 19064
7583 621106
6106 203676
5971 155990
243 720755
547 311725
5572 108890
6509 941983
3689 865329
6030 401390
4349 551451
7313 146460
5174 317038
1190 520839
875 149379
558 994700
2975 847041
8648 967236
7303 157171
9640 971378
1043 887321
4123 731726
1865 875823
5763 704440
2227 695210
7224 24825
5285 219950
2352 32499
3614 823695
2855 773940
9403 139856
8445 460315
4263 810506
9870 983082
3229 75665
9785 810006
4171 793791
1524 982792
5316 291828
706 258737
3097 516250
4919 715130
7339 561551
4710 646585
7734 449795
1821 794183
6256 758245
8319 986927
3844 309977
4065 324151
7166 102105
7764 725354
2075 292644
7207 319978
8176 288412
6612 519372
8191 186591
1183 287402
7385 874330
9193 936307
1994 710138
4098 319905
1316 22509
4916 244106
7276 263713
3739 55879
1966 700920
2868 944329
8345 500065
8600 551874
135 788924
3592 670372
1353 475769
5525 458132
1704 324370
8180 119158
4869 663583
1805 557975
1331 849063
3450 982708
7126 86584
9199 448731
5509 137542
8183 767746
9505 838768
3894 770321
1898 515091
5681 673620
9803 836490
8122 209271
370 645190
9765 855259
298 180216
268 569619
9803 664107
5630 263783
4275 137549
3047 696087
2406 534194
167 520433
8360 896340
9933 362383
7039 485381
4903 69142
3665 282042
8624 302783
5120 408564
3939 289805
4745 409997
6374 649860
8485 36500
7888 483129
2326 58499
5073 952051
6711 178645
4278 45506
8026 100022
8997 519427
3233 376283
1760 189056
863 998466
4360 615823
5477 158245
7643 274410
1685 738873
8109 510066
17 424457
1028 562135
3382 316
2725 293525
8941 780311
7980 25442
8026 981420
1045 104531
6385 853190
9580 725796
8695 119089
9338 556183
6361 479570
5458 360336
9261 143246
9282 462917
3592 696303
3779 340970
4595 58914
1813 879923
6571 754130
6422 776198
4711 767384
8253 721112
6854 704312
3823 954026
3489 654610
1234 251163
9457 458732
7975 402602
6612 926965
6540 142035
7168 387726
5169 854773
4873 113112
9317 265016
3109 535990
2897 461533
119 740174
3693 36844
1519 802085
4824 898310
2740 360584
7085 467432
5862 55964
1484 90256
4954 607242
2126 107453
6817 77084
9392 77934
1957 623470
3432 659313
290 581562
6886 310985
1750 434575
5068 764272
1946 840972
7785 858211
2009 161862
3840 435659
9817 768917
1634 150764
199 692024
162 332965
5862 253876
9297 716582
5189 804709
6995 211135
7995 440721
4740 13653
6378 271992
3130 335392
2430 196501
8760 256556
9537 619816
915 616637
323 504849
1141 239407
1052 977213
3741 564362
8770 957701
8322 968467
8937 219568
9110 600193
4860 808445
6386 949652
4874 142177
1715 471553
519 252433
4828 680282
611 338721
9800 749656
8656 330076
5812 126103
8806 46580
4469 362562
7643 113912
7695 850381
9175 684522
676 975275
3232 202840
8613 11046
3241 307609
7970 767486
5467 849525
7939 717075
1912 884370
4018 560950
3544 888690
6016 209743
6646 657617
3599 823615
2243 604232
288 96932
8408 806251
8262 973737
3956 714948
6415 577467
6188 686829
8039 590356
1452 781759
6587 419841
6868 982055
1364 479375
6201 181732
1964 812043
278 731843
2432 666312
2050 456103
7899 855693
9405 855802
7316 268028
3217 37740
7195 949516
797 745490
9116 407175
2406 731699
3341 875885
3984 436511
8149 995241
8219 378778
8167 536102
1184 713647
5928 705069
3550 272972
4797 511761
6349 237250
6283 714627
8683 894417
1119 726864
3038 819735
1497 887563
6716 842284
5648 315292
2452 125976
3858 88656
9697 447347
3369 643224
3538 268670
5675 929499
227 509942
5787 480691
7957 876616
9760 687311
7440 137887
5975 524343
5646 755962
8189 689632
6400 431511
2445 674865
476 941775
5853 493253
8089 956169
2000 966135
1527 557039
6518 933032
5909 378749
9699 516457
9029 315291
1711 585767
7650 952258
1769 978991
3191 336054
8376 746504
9735 606846
200 550726
8397 446934
2318 60245
570 908023
6859 47831
2327 213802
2966 844789
9156 394286
7577 413534
9832 162561
7091 441086
87 709110
370 567830
6486 576757
7687 738538
4975 491943
2082 673395
5303 108727
3420 836981
6754 164762
6897 93986
9351 883336
6820 274413
4231 238642
2989 430629
3922 92954
5726 744238
4263 447406
277 285497
5301 276491
6613 579536
4462 716260
6020 733204
4937 74139
8975 930046
5084 73909
1481 628841
3698 155036
7888 91379
7639 422529
4856 380010
87 552021
2276 467373
876 98059
7903 54560
1417 404580
3130 641959
5140 25755
3178 477155
4000 751029
9850 782633
979 59367
4391 780920
5994 47147
8747 737059
9102 258518
12 951728
9244 976670
6315 153158
5316 429248
2443 306955
2901 328328
5143 450417
4202 970471
3002 679242
7603 789644
7903 15073
5396 372134
2806 619279
9182 377314
8829 423304
5393 592317
4004 629923
2657 632730
6080 561767
3987 44886
2051 683168
2807 896412
5241 655446
3409 96017
2831 430403
9046 196246
8638 315221
162 958957
8702 114546
9488 605409
955 559775
3960 51644
6448 502411
3077 734706
7826 685274
6249 824968
6674 519125
1499 368170
347 986046
7274 979586
9827 22015
5041 613807
3797 230460
1758 544308
1769 6262
6674 385200
9726 333325
7706 898318
6595 312040
3925 34379
5591 144590
3073 828066
1769 405311
5456 613737
2492 172765
9472 431979
9231 627701
8623 198040
6433 876306
599 324717
4907 891801
3804 280567
8527 648753
7050 765738
8268 212436
7386 359846
9829 31840
3587 133337
3754 942382
3933 71127
1786 122055
5813 222942
5590 173527
9051 426795
3870 360376
656 652572
6573 510565
100 255261
7331 915664
9666 608762
6960 904778
5064 396097
9088 211737
595 39344
3934 455244
3350 274549
877 941232
7682 372500
1290 650304
7086 442990
5351 65812
3683 405902
2744 877513
6348 335570
3900 667123
7858 550872
7576 322519
7484 14494
1876 560500
740 670215
1090 859283
6359 501899
2044 358830
6128 543817
3679 726886
1756 139585
6682 258621
4099 619148
2464 738296
342 138007
9723 42712
2575 395896
3636 74452
5628 146932
540 287511
3721 469621
3790 960299
8307 911346
2851 587574
9719 827194
2337 645779
2184 535518
4163 37670
4874 45325
9894 684443
5707 924601
8410 176322
2523 767414
8059 491553
2817 50071
3625 493584
594 682653
2376 62535
3813 622979
8703 100034
3241 813991
8424 127392
7772 520433
1455 867882
2157 130683
8947 679364
858 530988
4600 986361
9183 718278
8134 146490
4316 585328
8708 230823
3163 269301
9854 94744
2531 205444
4952 720062
6935 740218
3210 617869
9368 223431
4995 468065
5676 900410
8555 296196
1701 832751
579 362988
8519 90909
3007 719079
5013 858374
177 508891
2639 582187
2755 172903
6100 435060
179 549301
1501 608338
6426 415887
8930 830742
7251 47696
9338 317783
8783 485494
465 762022
7857 941181
9493 288130
3179 754449
2320 796562
5924 495505
2312 345388
630 781638
4969 632499
1141 880370
6284 927657
3613 669291
5391 284204
6258 254156
7417 923217
6229 317316
9320 766506
3779 111434
3982 717283
3510 211649
7638 172809
2732 31594
1843 438253
9537 540885
3067 505939
4742 837050
5779 136360
5360 568805
7062 27691
9513 898326
9546 21599
8248 516129
7354 827951
6544 646357
2372 211080
7203 139704
5331 124906
5901 380034
5258 108362
9675 852607
1197 710757
9877 958586
649 438926
2714 495519
8535 655173
3111 34493
5957 96944
7096 267436
7247 644269
1426 302686
7950 711457
6021 822114
7535 815892
4274 815368
3894 584819
3402 255289
3864 20181
9849 538132
6146 253287
2828 862322
6964 832330
4537 665157
7440 194544
3697 667235
798 21732
1898 18640
2078 479118
2240 769188
4183 327841
7302 868845
895 797445
6720 668116
6991 10285
9815 477004
2926 778531
504 211009
596 198933
8366 476420
8771 407793
2398 969970
7440 417406
4113 315230
1599 614829
6339 108616
5686 186013
4423 164784
2996 97879
4591 936278
5699 230843
5726 839765
1185 413059
8364 652585
9962 713875
3418 811290
2316 711265
1078 360184
6953 906091
6763 873590
369 251221
8117 835716
110 805593
9373 643598
5938 768022
9553 387434
8483 423498
2511 140264
4075 802149
8037 616413
5509 418395
451 344341
3822 818801
7435 239441
5741 407422
4048 619302
7717 395140
4887 592302
8073 795775
1854 876386
8944 994204
7723 189217
8741 723099
9005 676620
3026 907499
5162 628589
682 985111
2520 946487
6623 600739
1147 692225
7015 981333
6762 85149
4571 419687
3145 651906
6730 293884
2287 239252
8213 845653
6506 476726
4486 932572
4428 692769
7358 608288
2216 749612
553 223605
6795 569980
1729 639664
9128 351858
3150 488101
8007 217589
3926 328540
4991 29534
4826 316756
5701 161776
7114 351103
8199 781806
475 185992
8964 494570
7422 387330
1887 111762
9760 603420
2674 100330
4963 984610
8353 818695
1620 680738
7055 650268
4837 990971
8216 25060
4640 757409
7194 148366
7306 585641
4598 207125
2067 114991
6808 86928
2590 522570
3415 68203
328 811074
6313 555737
7151 778683
1053 648530
438 898973
3351 147985
724 447403
7094 465930
1883 410012
6317 439784
1893 500897
4933 946799
4657 872555
8924 44565
8596 511261
5493 486505
379 639987
8084 956547
5401 556704
6252 417405
2642 805686
6239 379135
3436 505333
2708 750391
7850 220825
4942 628927
5644 844172
2363 937297
9397 994738
1255 127152
7463 695759
1376 852606
7001 996050
7897 425302
2883 802444
3211 467756
2826 492603
1101 386500
9908 983423
4513 231220
3207 169707
3623 333620
8421 39756
3475 335687
7031 799573
2701 537499
8440 828195
5517 474406
2582 403960
7973 863140
9174 851767
7162 467399
5394 11563
1694 691873
6910 316953
5738 770549
9403 663959
6503 204643
4544 378772
3397 212127
1342 472565
910 677867
847 407807
1034 794665
7462 964762
363 148162
2929 44368
5704 685259
4965 520697
1203 777199
2640 711917
2008 461969
8648 916953
8073 167543
1531 308919
7183 988777
1140 747861
7034 851330
665 22659
4267 862045
9760 91351
4243 754951
6420 217358
8393 801415
827 617112
2563 976024
673 689386
9897 2096
5382 880158
2138 80795
5206 78654
5409 418119
8187 727576
1720 989590
4056 416989
5030 951985
8412 131186
5076 507594
5881 572408
4999 24805
6919 705813
460 941332
6963 91355
6896 780124
2903 14326
5101 851354
4911 923362
595 857397
8768 622876
3553 750596
8682 346047
5713 482974
1080 482125
5541 719808
5928 416194
1357 680767
6620 811178
8744 319350
8194 268504
2983 87542
8087 357702
6835 209539
8885 492453
4182 732999
4636 231674
8357 205269
8462 408811
2670 572523
8200 549058
2322 295058
4452 890429
9904 648953
6571 691513
2766 781704
9445 381259
9739 883366
1800 728792
8181 255827
4030 706586
1451 18871
740 377617
3902 746693
7634 989570
9111 671158
4667 788372
9572 624861
5752 622799
8430 621707
4884 713982
8694 958019
85 902014
8341 802474
4394 778020
8149 926852
7075 803054
7926 768299
1115 403253
9390 436604
2887 4850
5629 127925
1510 688539
9865 36652
7187 344839
9066 522195
8948 793834
3249 295800
2096 160643
3394 980143
6994 774459
8904 287630
1221 120416
3018 34221
6034 89186
8986 586700
592 778833
9738 326258
4000 500332
9573 169265
6122 274138
7214 867635
9514 226810
1196 692848
2061 333990
8062 787534
2765 578737
3981 885671
6248 499078
9583 790302
5019 489425
7132 813231
2280 945488
1733 883018
7878 472936
9517 313727
1459 747904
2723 486233
6968 49316
217 786022
8004 523621
2891 312214
9696 540382
4992 127196
2288 803992
1690 848968
129 679683
2250 822387
5663 943601
8609 152923
9894 284606
2833 331301
4937 538986
9298 854879
5225 811617
1303 652895
5184 794344
1989 45512
4237 507790
8169 994913
7867 670601
1431 287598
6193 942262
5208 428341
9234 379123
1223 734446
5523 231205
7260 175517
6760 833323
8365 887757
7052 973721
24 397585
9329 970356
4516 522877
6270 402214
6843 203184
2763 608576
4211 600785
2570 193009
7610 741360
1812 741729
506 296039
5533 443446
5271 856549
8329 850034
4224 381865
8725 488106
1777 553806
1914 210011
7463 88469
9001 461827
9912 487414
5613 460907
7689 289875
9424 455979
9025 809950
362 157329
5256 979020
1776 622092
1321 798939
1346 393699
3221 145740
7383 854814
5190 171429
7652 17957
7876 937635
8354 456359
4672 234322
5676 878160
9490 141490
6934 715998
7913 589715
1858 299771
241 405182
8 394744
3404 204553
5014 848803
9682 772587
564 617732
5573 502676
8193 122527
1442 960411
1005 504922
3582 9974
4473 776875
3574 432253
7876 698361
9728 26123
5405 545732
9554 88071
6934 466177
6877 811894
7140 71543
2116 994924
4745 513037
701 350654
3408 877446
4282 412231
556 936059
1351 182350
8423 106333
7711 838881
2937 60772
2915 255525
9049 310645
6223 285738
6238 847137
3427 750946
6184 903655
8723 73060
2389 611333
2714 640520
4080 995096
4701 533363
2062 682586
5836 993756
9202 875088
3737 526174
5544 113051
927 313866
9208 851210
757 756795
3201 293188
6212 194909
703 582617
3606 363423
5047 428862
4638 629611
9973 864924
9293 492262
139 510414
5381 176143
4707 128969
4912 943737
9800 152477
4769 693473
1719 667757
3838 348488
9127 581999
7767 167285
6560 466486
331 953372
4920 278620
3604 200778
5402 840287
6496 822557
8502 651386
7752 50134
6994 308167
5430 820012
2823 537727
4638 916227
5795 6580
871 859011
4340 501213
1888 67425
9033 528518
7233 782397
6526 158847
6957 309141
7881 314985
9555 196028
3651 530435
7913 647709
2990 780052
6750 380872
3991 908289
8742 494778
1662 180054
1045 693601
7705 473524
7218 119094
9816 740305
11 182235
3316 815884
8446 275022
9675 727524
1044 192130
4032 760424
1994 702129
5160 634550
2201 184169
5240 939947
2878 441082
9797 973760
9698 635789
9410 956897
573 340649
1363 200142
3935 275458
8136 89568
1103 660412
9211 574300
1245 896176
5004 16095
6700 133925
7208 822005
4573 888895
3942 520682
1330 171265
9069 609218
3678 65026
5717 211227
1322 769298
2621 405080
2559 696865
6180 56803
5920 760047
7435 237821
1752 309006
1988 96401
9772 159263
8290 874082
7578 171228
9415 353176
1373 296752
9498 995932
2533 618994
5922 392048
779 465902
2922 263137
5086 806672
9756 800565
3237 9783
9863 141959
5921 901108
6472 796091
8259 323277
2953 889136
3605 701704
9249 933956
6013 945708
7252 135263
5924 614113
8541 707308
7494 276818
2019 286433
8011 989137
3758 691327
7367 916925
8248 660982
1861 176706
7651 285498
4018 286719
4693 670193
3697 823148
1941 95328
9603 409425
4025 654932
8451 272619
2471 65110
6011 553989
7824 592502
4701 781973
5048 517145
7802 651812
9672 620341
354 191739
8429 170865
3619 376077
9800 354023
2708 574604
7813 862077
4400 412022
4168 935536
6395 135048
5501 782452
8251 524888
7204 376032
8838 699288
2424 640610
1148 841518
8204 118003
5145 938047
382 269005
6360 188340
9460 785284
4185 780708
8463 962545
6936 398644
4833 161981
2967 75657
73 527902
1816 895134
8299 301241
4024 512886
8639 256741
6907 145912
5274 727294
5581 238318
7163 675353
8368 266797
5157 646804
3063 772173
9548 990680
7167 198398
3830 481381
2891 155818
679 221601
2319 248457
8866 67129
3041 83802
9880 723130
3069 893271
4700 826747
4213 467577
2124 246685
8933 290665
1181 457764
7902 805288
2200 734377
3832 894566
5057 851366
771 498163
3413 630301
8718 720548
8750 200796
5328 553801
8480 155579
4226 522252
99 699067
1389 286844
7040 454421
3280 203581
527 738950
88 214636
7597 748864
3343 93380
3583 595020
6407 940016
3158 383789
7141 674946
6627 143224
7363 483744
2343 458724
9687 335476
589 702942
2626 959360
4217 9307
2400 60631
8069 59798
2011 251709
291 538918
9472 48696
3013 397783
9705 52217
8360 962971
8972 308693
1194 400324
8331 522935
1773 17600
2319 847777
7499 324481
8634 655941
6463 605393
371 502210
2548 809648
7866 248960
5950 178231
4064 464817
6567 19503
6363 137879
9835 115699
585 909358
4915 368423
1678 706115
6737 298917
9160 552894
8838 898657
9692 163207
7816 498964
341 606270
1494 199066
3357 396124
1954 430918
7417 732390
5112 582461
611 856365
506 879881
6862 912356
4210 339468
2027 736041
125 186212
4233 315902
7142 133097
2615 703825
7295 114253
