44
500
43 30
13 1
1 36
42 25
43 36
42 6
7 43
14 7
38 31
8 11
2 5
13 17
13 23
26 24
44 36
43 41
30 11
14 42
37 5
19 6
18 41
38 11
36 18
32 13
8 25
6 30
13 37
20 41
8 41
25 25
30 12
8 1
32 1
43 23
8 35
26 11
44 7
30 7
31 18
1 5
8 6
14 12
6 18
36 19
38 12
43 11
26 6
25 23
25 13
31 5
26 31
1 7
7 23
30 5
1 1
13 35
18 25
8 43
32 25
20 31
12 19
43 43
19 7
42 43
26 25
18 35
13 12
32 29
1 17
38 43
8 24
37 35
24 17
8 5
24 18
14 19
37 18
14 18
31 24
31 30
12 13
42 31
14 23
37 42
2 41
19 31
36 24
37 1
43 25
7 29
18 31
26 1
19 1
31 37
37 43
19 29
30 25
26 5
36 31
26 29
24 5
44 29
7 19
2 30
13 25
32 30
12 35
36 23
26 41
12 36
18 12
7 30
24 30
37 36
38 17
26 35
13 19
8 12
13 42
25 29
30 42
2 37
7 6
44 19
42 19
19 24
6 5
24 24
12 29
19 43
7 17
2 13
32 17
44 6
42 12
25 35
36 43
7 5
6 12
38 36
13 36
36 5
20 29
30 43
43 18
26 23
31 25
30 1
14 13
18 13
1 19
7 41
13 13
8 13
24 6
32 42
8 7
32 11
30 37
18 6
13 43
20 43
44 30
2 29
14 31
1 35
44 5
32 37
2 1
42 35
24 41
18 36
24 25
38 35
26 7
32 43
20 1
30 29
1 29
12 41
38 5
37 17
6 41
38 37
38 18
31 11
26 43
20 36
44 17
2 18
1 12
2 35
19 25
25 19
36 17
6 37
12 12
44 25
24 42
19 41
37 7
14 29
18 42
19 17
32 6
18 19
25 36
24 12
37 30
24 1
14 5
25 11
25 41
20 19
30 19
30 36
1 42
26 37
37 12
32 23
44 18
12 25
20 25
19 35
25 12
24 23
18 30
38 6
19 36
7 18
13 41
38 24
32 5
18 5
36 1
31 13
19 19
19 23
13 6
26 17
8 29
8 30
13 30
6 29
37 37
38 23
2 23
12 23
42 5
44 37
42 29
1 31
43 24
12 37
19 13
12 7
12 43
14 41
32 36
14 43
37 19
36 36
19 30
43 31
30 17
6 24
2 17
2 11
30 30
8 18
19 18
36 29
25 5
8 17
43 13
2 42
13 11
1 37
36 6
6 19
18 37
2 31
36 7
20 18
6 36
42 41
20 7
26 18
36 42
25 18
19 37
43 5
24 13
14 17
25 37
26 13
31 23
8 42
37 6
30 41
43 17
20 17
32 35
24 29
44 23
42 17
20 30
32 7
20 12
14 36
31 42
12 24
7 1
12 5
6 23
1 11
37 29
20 5
38 41
43 35
37 41
2 36
31 1
36 25
2 25
43 6
43 29
1 6
14 1
31 6
44 43
30 13
14 25
18 29
7 37
24 31
13 7
36 37
7 35
38 25
7 25
38 29
43 7
25 17
1 24
31 43
30 18
24 11
32 31
42 7
7 7
18 43
24 43
19 11
8 37
1 18
24 19
2 6
42 30
36 12
20 37
38 7
25 31
44 1
6 1
20 24
44 42
38 1
19 42
1 41
8 23
6 17
44 24
1 25
12 6
24 7
6 42
20 42
42 18
43 42
42 42
36 41
36 30
7 42
2 43
6 43
2 12
20 23
44 41
26 12
18 24
44 35
26 30
30 24
12 1
7 36
25 7
42 24
25 1
30 35
31 12
6 13
13 24
25 42
37 31
7 24
25 43
20 35
37 23
32 18
25 24
12 11
37 24
18 23
24 35
6 35
30 6
32 41
14 30
43 1
38 13
44 31
14 37
30 23
2 24
37 25
24 37
14 11
32 12
2 7
31 29
1 30
7 13
18 18
8 31
36 13
18 1
13 18
31 19
13 29
7 11
44 13
14 24
31 31
12 30
8 19
13 31
12 42
12 17
38 30
25 6
1 23
32 24
7 31
19 5
20 6
20 11
24 36
31 41
42 11
44 12
6 31
43 37
14 35
37 13
31 36
38 42
6 6
13 5
14 6
18 11
31 35
42 36
43 12
37 11
12 18
1 43
6 7
26 19
20 13
1 13
44 11
42 37
31 7
42 23
12 31
25 30
26 42
42 13
6 25
18 7
18 17
2 19
43 19
7 12
38 19
19 12
36 35
42 1
26 36
