80
500
6 12
23 14
67 12
5 77
2 9
60 41
1 61
32 47
63 9
63 16
67 22
57 44
16 62
4 50
55 59
79 37
78 48
6 51
80 40
5 35
54 75
80 45
52 56
35 15
22 31
37 44
28 30
19 55
36 79
26 65
7 64
4 64
55 67
71 32
72 39
58 78
27 23
74 50
19 1
76 45
50 57
51 68
19 79
20 44
46 62
8 38
71 7
67 76
71 14
3 61
64 18
10 69
59 35
47 17
5 15
50 50
9 78
79 32
31 47
53 64
38 50
40 41
45 55
3 3
9 39
2 33
66 2
30 1
14 40
74 34
34 12
78 21
38 38
66 7
8 23
78 30
4 67
48 1
35 42
61 45
50 55
11 53
37 61
62 10
27 14
50 44
2 15
9 79
46 40
20 33
23 11
33 57
9 71
1 7
41 33
60 38
23 65
1 13
34 23
42 30
30 23
14 48
41 56
43 62
13 24
3 33
40 2
52 43
10 2
77 54
63 24
46 77
63 60
79 72
66 65
51 14
71 60
30 70
22 39
36 63
53 17
4 33
8 9
22 35
45 27
49 31
55 41
80 18
25 78
53 8
37 31
47 56
69 3
8 27
26 37
2 51
67 71
3 58
1 24
30 72
8 57
20 10
56 77
59 15
77 64
14 68
4 74
69 34
32 19
6 22
59 9
60 18
80 63
71 67
57 57
52 3
20 21
31 63
60 44
6 27
53 74
63 36
23 9
13 38
63 69
47 16
35 28
74 37
20 52
40 68
9 1
16 58
73 61
41 77
39 67
18 64
38 37
79 43
44 32
76 31
40 53
52 50
55 28
63 21
41 75
59 22
79 38
9 7
40 73
28 63
45 4
30 64
73 70
36 41
29 29
19 60
19 45
19 34
1 63
2 30
32 44
44 31
46 27
10 42
49 23
72 40
45 36
7 3
68 39
27 52
78 31
59 11
62 45
57 7
28 71
8 15
44 62
13 77
2 72
11 64
53 16
64 44
3 12
26 53
5 63
46 44
37 32
58 72
61 76
9 41
2 24
39 58
33 9
69 69
41 55
32 11
57 31
77 19
75 24
40 51
33 56
45 45
30 24
70 60
25 5
71 80
62 73
38 5
21 26
46 74
39 16
70 49
62 18
60 24
74 22
63 42
34 1
67 45
56 14
25 34
44 65
39 2
13 73
16 23
64 37
69 60
70 25
43 2
25 33
47 52
71 53
8 29
19 77
60 9
21 25
63 55
53 43
3 30
72 42
19 46
74 49
72 44
41 38
23 7
59 53
57 9
66 25
9 76
31 18
14 78
54 36
26 8
33 29
34 75
7 57
46 28
14 25
51 18
46 65
32 77
8 1
54 25
23 71
28 35
70 2
33 12
67 42
3 44
2 62
80 57
4 14
75 39
10 43
49 50
12 58
63 33
39 62
15 77
4 13
9 64
75 56
4 3
3 60
64 8
38 15
24 32
32 25
68 46
72 53
51 13
71 46
4 48
33 36
14 36
50 59
50 6
66 80
12 38
74 39
6 55
23 76
1 34
50 61
28 43
37 70
69 37
34 4
47 53
47 45
56 63
21 35
25 69
2 75
5 44
24 76
4 18
25 4
75 75
34 41
35 22
72 18
58 69
66 63
61 2
43 4
55 53
73 4
36 46
33 70
73 28
48 11
7 75
71 44
18 48
36 1
19 2
67 35
26 12
68 4
72 80
79 30
28 78
5 26
12 37
57 66
71 25
64 72
73 22
52 73
46 4
47 12
58 27
70 47
9 57
35 52
2 18
1 23
65 69
38 42
25 72
8 17
79 21
29 41
75 9
46 12
76 17
39 54
61 37
22 8
3 31
14 26
78 25
2 61
56 5
56 48
34 27
72 57
77 43
3 22
74 65
36 39
16 74
37 74
47 39
21 70
19 16
10 12
11 11
50 58
42 77
62 34
30 79
48 60
15 53
26 43
29 69
63 80
34 56
7 8
58 77
66 38
32 54
56 21
22 42
35 7
19 23
49 21
60 30
70 52
53 65
18 37
58 16
34 44
29 48
25 3
47 29
1 32
76 20
2 22
48 5
59 8
18 46
60 47
18 53
69 44
24 30
57 65
29 46
8 70
78 3
76 73
28 34
16 37
55 80
56 7
28 69
60 46
39 63
63 66
64 3
9 24
76 55
17 66
14 29
23 72
13 20
44 74
32 66
62 53
48 59
54 61
52 39
6 36
15 63
60 11
54 77
64 77
19 43
56 67
11 78
