40 1141 75
jdhoc
prj
ndydxroj
ahocitarxlqxqjxq
pfzewpyykzeq
pehsgi
v
ezbqw
pyuciobbloxjxuoz
uvqwp
lh
lufbhjgbpkxjxiyeu
mdusfmlxkvqsmwytk
oakbnpgp
efwpqnrbxwda
ppueolngeddtrxp
xxziwph
keinqsdivgplbcszjhsx
icksxbsejhgmkih
jc
qwxftjswwpt
gzp
qnoixwpark
ayjdsb
jtrgtxgzfcpuc
dsmkvq
hgdiidnnunwsxscqqn
qmpcpkag
sxmcborwjy
n
ousxhsdmklmndntfukms
hnfjnfrvh
omo
zkqiptsiha
ujjxkburwsbdllapwrqc
rxmlzqwfcal
wxjflfjtstvrct
bk
sjpnxyhscxdxepbw
ecewrzcit
57
36
21
24
60
87
60
66
24
12
48
3
54
12
51
81
57
57
33
9
12
72
78
36
39
93
3
12
84
39
48
69
9
15
12
3
27
66
54
9
6
84
90
63
51
84
93
63
15
48
96
33
3
36
81
21
69
90
48
36
57
78
9
6
45
51
18
93
66
3
45
63
78
84
99
36
78
75
30
3
66
84
87
84
3
81
75
63
51
75
96
48
69
63
9
87
51
9
78
78
42
30
81
81
87
96
60
87
36
87
45
78
93
93
39
45
66
60
81
78
30
33
27
81
96
99
69
75
93
21
15
63
33
75
33
78
84
36
24
21
45
60
45
90
27
75
48
63
81
6
51
42
6
51
54
96
54
39
36
63
90
78
9
24
15
93
90
63
63
96
33
78
51
6
45
69
45
36
60
60
54
57
51
6
3
39
21
66
63
93
96
78
15
81
63
66
36
6
21
36
6
87
75
21
84
12
63
93
99
93
75
30
60
6
30
99
27
42
45
33
60
42
84
72
90
39
60
39
48
81
93
9
21
9
9
45
84
90
12
84
93
54
93
78
75
72
30
63
72
57
24
42
75
15
48
90
93
21
87
57
57
78
6
63
30
30
36
24
84
93
3
24
12
96
24
39
27
51
60
69
66
60
54
51
54
96
6
21
72
60
33
24
3
39
39
69
87
90
81
36
42
48
60
60
96
90
6
30
63
18
36
42
42
96
63
12
15
3
75
60
9
21
81
9
9
60
54
60
21
66
3
12
33
99
18
42
69
39
54
93
45
18
18
45
3
45
66
39
42
57
30
45
54
57
87
39
42
33
9
48
84
21
33
9
72
69
96
9
90
9
9
57
96
99
39
12
99
36
36
99
51
30
27
12
48
90
96
45
30
75
18
84
87
84
75
60
84
96
15
39
96
12
33
9
33
21
60
48
21
99
87
51
27
51
78
57
9
15
30
12
15
18
96
3
42
69
6
18
57
63
12
66
72
96
75
66
3
48
87
54
57
30
69
81
9
48
81
24
54
51
81
84
18
78
15
81
57
21
36
54
63
36
60
27
27
51
60
33
33
90
18
75
75
48
63
36
45
90
57
90
81
30
54
93
66
6
6
63
96
48
51
6
15
90
99
90
78
48
9
63
27
45
87
33
72
21
72
6
12
78
33
45
99
69
81
12
51
57
96
18
42
3
96
90
81
30
75
66
66
9
36
9
63
78
78
54
84
90
60
57
72
72
6
99
81
60
99
21
60
57
93
87
81
42
57
6
81
21
63
30
36
42
6
84
78
15
66
93
69
96
72
81
42
30
30
93
48
27
99
69
75
93
54
9
48
12
93
57
69
69
6
63
63
27
75
63
81
6
18
6
51
72
30
48
48
69
6
18
66
42
21
60
84
78
39
27
12
51
30
54
81
81
84
15
30
54
42
27
81
18
69
18
27
69
27
78
45
51
75
3
18
54
78
3
72
24
42
63
9
6
81
36
90
42
24
12
18
96
39
15
6
6
18
48
75
84
21
78
69
84
66
30
30
66
18
66
87
36
93
6
39
81
42
12
18
24
42
12
63
78
15
48
60
84
69
72
24
87
84
99
87
87
45
21
3
75
93
84
57
27
93
75
60
66
21
3
51
66
51
27
12
30
33
51
18
27
9
96
87
24
69
3
57
33
99
33
75
6
33
99
63
39
27
18
24
57
12
72
66
96
27
24
93
30
9
63
3
78
72
3
45
51
15
96
15
99
42
42
60
60
75
54
24
51
90
72
30
96
84
93
36
99
87
96
9
15
51
72
99
60
81
12
9
84
66
21
63
9
66
45
78
6
18
45
57
45
21
18
63
18
33
96
96
48
3
51
63
81
30
45
99
24
27
78
84
30
21
54
24
27
24
9
72
24
75
30
45
72
48
51
75
6
42
24
57
27
18
81
54
33
27
3
66
54
90
93
78
93
15
93
57
99
84
87
6
51
42
57
39
6
33
87
90
78
36
21
81
12
45
96
72
84
51
69
18
9
42
15
12
81
99
78
78
6
27
30
84
96
60
42
63
60
93
39
33
66
6
9
78
3
81
48
93
18
24
60
60
42
33
81
66
90
84
27
60
78
66
12
57
3
48
75
27
18
6
78
39
63
21
54
48
48
54
54
75
51
75
42
12
12
12
30
54
96
33
72
99
15
12
81
99
45
96
84
6
60
72
78
48
81
93
24
21
87
39
90
69
33
9
45
72
57
63
57
90
99
42
69
27
18
24
42
84
42
87
60
30
57
42
66
66
72
30
24
66
36
66
75
42
6
69
33
6
33
24
27
45
66
30
45
63
84
39
3
57
78
3
3
66
99
48
72
36
99
18
39
33
63
72
84
78
66
75
96
30
30
96
33
33
93
33
96
36
45
30
51
69
66
75
99
33
72
87
30
54
57
15
60
78
9
69
15
99
78
9
36
9
81
15
42
72
87
21
75
30
99
57
69
42
72
6
72
93
21
6
69
93
42
27
51
96
12
21
84
69
48
18
99
63
30
81
81
69
87
81
21
99
60
78
66
18
99
72
81
57
3
69
57
96
63
18
45
12
45
99
66
45
21
21
90
72
