10 10000
7 98
25 14
59 20
204 26
243 89
275 45
323 60
332 27
505 12
509 98
551 83
551 92
572 92
665 19
669 64
764 79
773 25
812 88
822 83
844 43
1011 82
1047 21
1061 24
1143 4
1143 23
1145 55
1146 50
1173 60
1188 60
1267 14
1287 86
1296 81
1297 78
1317 70
1325 51
1410 29
1420 40
1439 29
1476 24
1632 27
1643 17
1664 23
1672 44
1762 76
1860 86
1878 52
1892 24
2038 24
2071 33
2090 61
2135 52
2202 45
2209 20
2265 93
2311 14
2429 45
2493 43
2526 83
2572 15
2589 44
2592 28
2617 58
2619 21
2631 18
2645 11
2678 7
2679 58
2725 43
2743 75
2810 13
2832 3
2862 56
2883 11
3241 46
3492 25
3521 56
3527 63
3568 42
3694 8
3776 3
3794 85
3815 69
3829 67
3835 41
3856 16
3910 85
3959 73
4025 45
4061 7
4104 64
4117 29
4125 4
4197 92
4291 57
4293 17
4404 28
4500 68
4535 97
4621 95
4622 84
4683 1
4695 67
4700 30
4789 25
4794 19
4808 100
4831 45
4834 32
4859 5
4967 94
5049 36
5141 27
5210 60
5301 69
5396 93
5535 6
5540 1
5572 39
5623 61
5679 42
5796 89
5806 33
5836 36
5930 59
6131 32
6155 37
6195 13
6217 24
6242 35
6243 79
6400 71
6413 23
6491 53
6550 23
6589 29
6596 73
6606 73
6667 94
6715 76
6718 93
6732 29
6836 31
6931 49
6993 63
7036 18
7044 70
7104 82
7164 7
7228 54
7320 8
7408 46
7492 27
7547 56
7635 10
7664 3
7758 18
7785 64
7872 78
7910 57
8028 59
8101 93
8206 87
8415 6
8423 16
8449 39
8457 74
8592 21
8593 8
8601 79
8727 99
8748 26
8760 61
8788 64
8829 2
8976 70
8977 29
8994 92
9036 45
9095 20
9144 94
9165 34
9220 23
9283 44
9404 44
9497 29
9516 89
9551 90
9575 85
9607 85
9639 30
9677 90
9733 58
9755 27
9910 92
10055 27
10085 4
10101 88
10127 70
10213 32
10219 66
10253 7
10257 94
10299 98
10443 41
10448 88
10537 96
10614 97
10632 48
10640 15
10766 55
10859 57
10891 92
10958 77
11134 51
11180 91
11181 33
11228 73
11272 48
11451 65
11487 48
11489 80
11492 87
11518 8
11558 38
11575 15
11612 36
11691 61
11726 73
11745 54
11785 84
11800 95
11820 23
11825 16
11846 15
11908 71
12064 28
12071 94
12093 77
12151 42
12187 27
12223 95
12269 3
12278 35
12297 37
12528 60
12551 42
12593 16
12649 63
12709 38
12823 52
12960 84
12991 99
13242 97
13282 41
13285 24
13377 19
13442 94
13569 84
13570 92
13609 72
13625 11
13738 69
13751 52
13803 1
13820 46
13873 25
13881 92
14060 63
14085 25
14110 60
14158 75
14177 5
14200 70
14271 12
14294 62
14343 39
14376 100
14400 68
14403 57
14403 91
14480 97
14567 64
14629 30
14636 53
14676 1
14685 72
14707 23
14827 64
14843 91
14846 77
14851 75
14886 49
14966 99
15005 31
15029 28
15114 75
15128 78
15156 76
15246 36
15267 57
15291 85
15315 99
15353 53
15389 30
15491 66
15506 40
15527 21
15579 50
15605 64
15607 47
15662 89
15722 67
15726 40
15760 100
15772 9
15807 44
15842 62
15973 29
16096 35
16158 73
16309 1
16440 48
16478 82
16481 35
16518 50
16608 20
16695 70
16714 81
16725 52
16806 59
16843 10
16845 45
16854 11
16867 46
17052 21
17210 10
17295 51
17315 70
17349 30
17396 35
17397 3
17424 81
17506 84
17537 77
17540 61
17678 17
17724 53
17734 44
17757 86
17819 90
17835 37
17847 51
17896 50
17966 85
17978 35
18006 28
18126 42
18129 64
18137 66
18357 42
18412 96
18464 24
18509 98
18511 26
18516 43
18624 22
18643 77
18652 25
18655 88
18670 84
18770 85
18804 78
18863 18
18882 53
18890 52
18954 23
18963 11
19067 34
19237 44
19244 67
19461 88
19502 55
19525 6
19560 81
19584 93
19592 25
19619 58
19679 84
19722 4
19786 47
19795 72
19910 56
20002 25
20029 74
20051 26
20102 73
20144 90
20149 13
20216 48
20249 50
20260 20
20313 83
20324 45
20325 47
20346 1
20464 95
20530 59
20551 11
20566 91
20589 42
20647 74
20651 70
20661 46
20686 97
20716 94
20729 86
20736 25
20772 50
20863 26
20874 3
20951 99
20954 84
20955 24
21029 45
21096 8
21138 28
21148 68
21164 56
21222 42
21267 24
21288 40
21370 13
21413 34
21488 57
21494 66
21583 11
21694 20
21698 83
21715 63
21733 12
21755 39
21789 78
21804 6
21830 76
21865 28
21922 92
22052 28
22053 95
22079 76
22098 9
22174 22
22212 93
22216 21
22331 46
22544 7
22545 96
22560 61
22646 77
22660 73
22697 17
22765 4
22819 19
22834 39
22883 82
22964 49
22972 65
23141 9
23194 9
23309 53
23344 44
23447 36
23494 45
23528 28
23609 40
23633 59
23641 91
23670 76
23795 51
23865 14
23868 11
23869 92
23888 30
23900 16
23948 85
23957 73
23986 83
24011 19
24056 89
24159 61
24184 57
24199 71
24240 3
24279 27
24350 20
24350 44
24379 49
24382 82
24506 58
24519 37
24555 27
24569 27
24621 68
24639 86
24677 98
24686 87
24750 32
24772 90
24831 19
24861 45
24877 31
24929 96
24942 95
25032 88
25043 89
25129 64
25166 20
25169 50
25185 30
25249 99
25265 6
25276 15
25326 81
25398 59
25401 42
25414 11
25508 87
25515 46
25605 78
25644 67
25701 7
25832 50
25951 72
26070 88
26071 3
26129 59
26155 82
26157 4
26200 77
26221 75
26275 81
26328 30
26357 96
26429 34
26430 25
26433 48
26445 48
26541 93
26544 51
26609 24
26609 55
26648 43
26689 43
26704 74
26723 47
26791 15
26804 94
26843 98
26893 7
26982 21
27047 62
27070 8
27128 58
27209 16
27210 10
27222 18
27223 52
27300 37
27354 12
27447 53
27539 58
27547 18
27574 15
27607 94
27622 24
27650 60
27726 67
27731 11
27796 88
27900 83
28001 23
28002 49
28044 31
28089 39
28127 53
28188 79
28288 22
28385 43
28452 77
28464 34
28465 67
28560 73
28597 23
28599 79
28639 59
28730 25
28822 86
28837 61
28854 9
28859 21
28944 59
29014 43
29025 56
29046 39
29085 76
29164 44
29260 52
29287 34
29308 2
29333 69
29528 49
29640 48
29673 30
29702 20
29744 89
29829 7
29857 46
29890 100
29909 2
30059 97
30074 82
30097 97
30113 65
30217 34
30234 23
30270 92
30275 100
30393 7
30407 10
30451 85
30585 86
30610 69
30727 89
30734 91
30744 58
30899 48
30914 33
30952 3
31114 36
31259 71
31263 37
31312 62
31398 35
31489 63
31516 39
31586 56
31717 92
31889 7
31979 19
32097 63
32110 84
32130 61
32170 30
32184 88
32220 59
32224 94
32243 8
32317 54
32338 79
32357 20
32403 21
32428 95
32466 15
32558 97
32611 76
32630 64
32644 67
32686 42
32701 25
32705 8
32735 97
32775 48
32779 72
32801 31
32934 29
32936 9
33263 14
33467 69
33495 12
33495 44
33535 12
33536 32
33600 66
33635 65
33650 7
33666 14
33689 11
33710 77
33797 19
33878 37
33884 16
33913 19
33915 49
33919 55
33930 79
33981 5
33994 20
34083 73
34237 47
34294 69
34330 46
34347 71
34358 32
34503 54
34554 40
34611 37
34614 57
34676 13
34745 59
34796 76
34880 36
34890 55
34930 9
34978 44
35030 11
35036 23
35043 27
35128 5
35173 65
35300 75
35345 10
35353 81
35402 3
35412 53
35439 91
35461 35
35545 59
35558 5
35566 91
35690 32
35720 11
35721 87
35784 6
35858 86
35868 100
35871 49
35911 89
35913 61
36062 88
36131 57
36235 37
36294 98
36328 48
36409 95
36491 71
36496 6
36502 80
36623 71
36694 33
36743 63
36745 100
36823 49
36864 70
36875 75
36879 63
36964 24
36973 55
37037 26
37070 88
37155 59
37278 57
37287 41
37306 44
37347 79
37424 68
37440 51
37455 1
37479 42
37535 88
37550 14
37595 71
37620 50
37658 100
37690 51
37726 8
37743 33
37749 37
37997 99
38012 26
38034 17
38036 83
38071 75
38117 15
38121 13
38152 85
38158 15
38219 61
38281 84
38305 88
38582 25
38661 27
38664 52
38715 16
38770 98
38865 98
38876 63
38924 70
38967 24
39071 8
39141 35
39236 85
39326 56
39408 17
39416 33
39439 5
39461 83
39472 96
39559 7
39573 23
39591 29
39619 79
39685 86
39786 49
39796 59
39802 61
39829 57
39851 46
39914 50
39923 62
39951 2
39959 37
39987 25
40013 78
40020 44
40030 92
40081 81
40203 39
40218 66
40249 3
40323 72
40363 34
40368 76
40369 29
40390 69
40391 87
40424 50
40466 53
40480 32
40504 82
40552 40
40633 86
40833 95
40886 20
40935 79
40940 80
40992 58
41084 59
41141 9
41196 8
41222 82
41224 34
41318 69
41339 63
41352 51
41367 84
41371 96
41404 79
41414 48
41467 42
41473 43
41509 23
41529 62
41568 94
41616 59
41630 58
41662 36
41679 85
41692 76
41697 69
41821 96
41928 43
41962 78
41964 34
42035 40
42035 58
42099 95
42124 72
42131 70
42174 6
42194 2
42249 61
42289 26
42327 52
42411 52
42430 34
42500 19
42516 75
42590 25
42642 30
42686 48
42727 51
42743 1
42768 80
42848 52
42887 45
42903 85
42904 99
42914 15
42923 51
42946 85
42971 71
43047 72
43058 60
43071 44
43179 27
43182 87
43196 30
43210 41
43211 52
43280 81
43308 66
43370 57
43384 24
43413 64
43423 15
43485 97
43494 16
43539 37
43624 39
43812 71
43833 67
43856 12
43861 10
43867 82
43892 55
43927 86
43989 54
44035 47
44064 80
44122 64
44125 43
44162 55
44170 53
44265 90
44269 37
44271 40
44306 45
44368 7
44439 3
44472 50
44473 45
44477 4
44485 74
44494 76
44571 31
44573 36
44617 31
44723 50
44732 99
44789 9
44814 85
44894 59
44980 27
45000 84
45071 44
45076 77
45084 45
45112 55
45221 86
45268 41
45277 2
45296 48
45298 63
45324 70
45325 95
45353 41
45487 8
45506 62
45761 87
45764 84
45788 90
45884 75
45911 90
45912 67
45914 54
45928 40
45980 2
46036 9
46166 48
46188 98
46262 90
46366 59
46434 10
46506 76
46521 70
46613 58
46755 53
46895 65
46990 69
47011 87
47038 65
47122 77
47137 27
47146 27
47187 33
47227 71
47252 50
47264 67
47535 29
47595 9
47627 61
47707 44
47713 88
47817 79
47823 57
47910 77
47963 90
47995 32
48031 16
48051 67
48082 61
48107 26
48110 46
48163 62
48183 68
48203 37
48262 45
48308 96
48312 96
48566 76
48606 2
48767 52
48783 39
48808 69
48827 61
48835 51
48877 30
48890 2
48945 41
48983 83
49028 82
49293 88
49314 6
49321 76
49335 90
49456 71
49473 5
49476 71
49482 15
49562 98
49673 83
49679 84
49748 12
49826 98
49837 91
49931 46
50066 45
50178 28
50331 46
50347 83
50384 46
50421 45
50432 61
50445 98
50488 36
50639 73
50835 56
50881 19
50945 25
50946 79
50980 47
51046 68
51109 22
51171 16
51187 12
51208 30
51208 38
51214 81
51246 28
51334 8
51358 44
51367 81
51406 72
51444 12
51602 13
51613 93
51632 22
51647 76
51655 35
51802 37
51808 24
51850 84
51891 88
52071 34
52103 77
52110 18
52331 11
52331 60
52362 52
52397 62
52438 79
52449 88
52483 10
52541 13
52548 33
52581 80
52585 56
52595 69
52608 7
52650 25
52730 92
52746 58
52828 16
52856 9
52911 42
53009 81
53077 33
53090 91
53154 76
53208 8
53232 60
53303 47
53303 92
53312 73
53393 53
53451 17
53471 1
53523 18
53541 91
53697 85
53739 72
53751 16
53772 23
53820 14
53837 21
53850 60
53931 79
53941 29
53949 92
54020 95
54109 81
54221 35
54463 24
54489 91
54599 52
54974 13
54995 73
55000 32
55003 65
55030 46
55094 13
55095 5
55110 62
55252 24
55257 76
55286 8
55332 100
55372 100
55385 94
55611 66
55647 20
55649 30
55664 41
55701 15
55728 94
55782 42
55804 88
55903 19
55919 27
55944 50
56063 1
56064 88
56129 13
56183 70
56208 43
56369 22
56371 97
56381 88
56397 34
56457 30
56546 86
56606 34
56638 9
56725 94
56786 36
56791 76
56877 44
57101 37
57207 97
57233 63
57257 91
57268 61
57401 60
57412 56
57427 31
57437 45
57467 100
57479 81
57505 84
57592 40
57605 12
57620 46
57627 75
57670 99
57687 8
57709 31
57752 50
57772 68
57962 23
57974 37
58007 89
58097 53
58121 56
58239 7
58308 78
58361 9
58418 28
58418 68
58450 27
58465 19
58472 51
58510 36
58515 19
58561 4
58566 40
58669 36
58670 30
58885 20
58891 3
58981 89
59146 75
59237 41
59484 48
59586 94
59725 6
59761 13
59805 48
59853 40
59868 66
59869 53
60020 55
60063 2
60115 8
60143 23
60361 45
60449 93
60513 8
60627 13
60782 42
60837 67
60897 67
60932 51
61025 36
61035 33
61065 94
61081 52
61101 28
61158 28
61209 98
61219 34
61231 46
61244 19
61331 54
61396 28
61436 68
61474 29
61553 4
61659 34
61661 21
61809 10
61835 31
61865 52
61959 87
62022 17
62024 48
62052 21
62098 27
62194 23
62282 41
62299 64
62397 93
62414 69
62593 17
62646 17
62686 5
62731 44
62891 49
63053 10
63065 29
63093 54
63201 97
63416 50
63482 40
63510 50
63642 70
63719 48
63820 14
63856 71
63929 9
63934 71
63938 36
63954 77
63965 48
64023 45
64121 14
64205 42
64256 59
64302 7
64509 13
64551 14
64597 57
64602 85
64606 64
64674 80
64690 20
64789 86
64810 11
64853 30
64891 50
64926 82
64931 41
65070 82
65149 62
65208 37
65215 99
65226 38
65245 22
65319 32
65373 77
65377 39
65450 60
65495 78
65545 56
65574 62
65614 80
65669 89
65733 85
65896 31
65912 71
65918 2
65932 1
65957 19
65978 12
66017 82
66023 2
66041 54
66058 25
66102 66
66102 79
66103 31
66135 39
66214 18
66230 42
66263 38
66268 84
66303 83
66461 30
66537 66
66540 62
66671 96
66774 74
66776 41
66813 32
66822 34
66873 4
66929 15
66953 95
66957 13
67045 92
67057 97
67127 90
67231 69
67340 61
67450 26
67496 93
67500 90
67598 31
67661 44
67759 38
67839 14
67869 22
67935 94
67960 8
67990 29
68019 30
68043 65
68075 68
68086 96
68108 37
68150 16
68263 53
68336 32
68404 88
68460 47
68494 76
68522 74
68599 40
68647 67
68728 64
68785 63
68844 67
68862 31
68886 79
68888 87
68951 93
68989 61
69023 91
69074 84
69121 30
69164 5
69293 20
69314 76
69382 94
69388 3
69399 83
69414 41
69479 16
69515 37
69538 88
69564 17
69607 99
69704 29
69789 92
69885 85
69949 5
69954 10
70066 74
70322 94
70406 84
70502 73
70696 57
70717 2
70786 67
70799 20
70829 89
70885 99
70907 80
70965 6
70999 56
71042 24
71050 51
71056 56
71137 66
71206 50
71212 81
71234 20
71263 95
71298 69
71406 98
71417 71
71530 34
71548 100
71569 58
71603 74
71632 33
71782 44
71837 68
71852 76
71907 14
71929 95
71975 13
71985 86
71989 16
72067 69
72074 55
72148 31
72252 6
72271 27
72275 91
72327 20
72404 69
72447 57
72459 93
72542 38
72546 81
72556 47
72612 1
72669 100
72699 33
72737 46
72768 81
72873 96
72881 51
72919 82
72946 25
72950 63
72955 45
72977 26
72998 24
73053 12
73222 20
73238 70
73242 38
73293 27
73316 95
73348 100
73373 7
73406 97
73493 40
73529 77
73621 40
73698 98
73731 58
73784 86
73806 49
73845 76
73863 93
73888 47
73897 47
74002 16
74117 9
74120 66
74136 54
74245 11
74246 11
74309 3
74323 43
74438 2
74452 61
74605 87
74608 24
74649 31
74724 28
74786 81
74822 24
74842 94
75018 68
75060 46
75088 25
75089 19
75095 65
75117 80
75132 34
75658 31
75668 16
75673 5
75678 88
75755 82
75756 46
75833 22
75836 1
75984 32
76029 26
76078 98
76189 30
76391 29
76395 63
76445 92
76497 84
76510 55
76543 65
76547 41
76555 60
76670 36
76698 37
76711 97
76744 85
76766 94
76802 50
76866 89
76890 98
76969 29
76978 6
77018 82
77076 19
77140 43
77173 97
77187 6
77189 41
77286 25
77307 85
77371 28
77403 68
77459 98
77492 5
77506 97
77530 72
77555 64
77650 85
77737 73
78013 20
78063 29
78173 57
78273 57
78278 78
78281 3
78314 83
78315 48
78378 5
78378 55
78459 84
78500 35
78602 65
78610 46
78689 52
78750 59
78776 18
78783 12
78794 2
78825 90
78962 68
79004 38
79019 78
79153 43
79171 5
79180 76
79299 92
79323 43
79362 53
79535 64
79581 36
79599 86
79752 69
79881 70
80108 82
80126 87
80149 42
80172 51
80287 93
80298 3
80407 23
80410 74
80553 37
80573 88
80719 23
80730 91
80824 81
80844 56
80863 4
80895 71
80905 26
80921 34
81000 81
81000 86
81093 11
81100 79
81109 96
81132 88
81158 40
81164 1
81247 14
81393 1
81443 13
81476 69
81488 81
81537 94
81542 69
81583 51
81604 41
81720 41
81764 84
81806 55
81847 76
81891 23
81975 99
82003 98
82085 92
82320 23
82417 30
82492 44
82510 3
82531 36
82689 89
82769 25
82838 10
82838 100
82842 55
82850 36
82916 83
82926 10
82941 47
82943 38
82971 41
83015 34
83029 42
83031 66
83065 64
83106 84
83114 2
83144 59
83253 23
83306 96
83333 52
83361 54
83421 39
83432 66
83433 76
83489 12
83499 37
83526 58
83538 22
83616 98
83669 29
83756 68
83800 59
83836 84
83875 72
83907 90
83913 82
83922 62
83973 87
83997 63
84126 20
84184 24
84214 51
84221 45
84229 36
84297 22
84314 91
84394 97
84408 19
84450 63
84606 1
84625 70
84663 100
84692 53
84727 73
84782 52
84896 41
84927 37
84945 23
84960 28
84962 17
84966 72
85135 100
85204 80
85221 66
85326 13
85368 90
85380 70
85390 99
85405 49
85433 49
85458 3
85477 100
85499 51
85514 62
85588 49
85590 94
85658 75
85675 12
85857 67
85866 76
85878 44
85886 64
85909 54
85916 76
85987 45
85998 26
86084 62
86124 10
86157 45
86253 16
86306 38
86371 59
86468 86
86505 64
86511 8
86598 5
86720 75
86773 49
86913 4
86928 5
86945 70
87017 40
87026 49
87103 66
87166 13
87197 92
87347 43
87448 95
87479 29
87594 32
87664 27
87674 35
87701 15
87766 98
87843 82
87845 52
87944 6
88023 91
88032 7
88036 10
88109 38
88217 22
88297 22
88330 76
88399 29
88402 34
88405 78
88437 53
88442 46
88453 58
88581 83
88595 26
88661 65
88834 22
88907 51
88954 60
89153 63
89177 63
89221 92
89255 29
89334 84
89380 37
89390 32
89486 96
89595 62
89633 58
89649 18
89676 4
89713 18
89832 95
89879 4
89951 7
89993 98
90010 84
90188 73
90205 4
90249 86
90282 93
90286 23
90294 81
90410 21
90432 100
90446 1
90463 34
90480 30
90503 74
90525 37
90552 5
90558 69
90563 50
90576 100
90659 56
90705 39
90716 36
90952 69
90961 23
90969 52
91012 19
91169 60
91171 50
91213 100
91408 42
91513 20
91528 81
91630 67
91693 44
91727 76
91816 71
91849 69
91875 57
91969 11
92097 74
92110 85
92235 89
92432 40
92438 38
92445 43
92464 1
92515 50
92543 30
92584 76
92682 16
92755 2
92770 96
92812 6
92841 40
92863 67
92875 50
92900 15
92915 51
92940 99
92985 30
93022 4
93054 87
93464 10
93540 82
93572 3
93603 98
93608 50
93663 76
93670 61
93918 93
93970 76
94005 11
94040 46
94044 96
94050 27
94052 60
94088 34
94094 16
94113 30
94265 31
94441 60
94474 49
94495 26
94512 31
94571 43
94583 33
94598 58
94732 29
94735 19
94745 38
94805 34
94859 80
94876 29
94909 29
95015 81
95028 49
95036 69
95078 51
95365 82
95382 22
95386 77
95482 61
95523 70
95675 32
95702 59
95723 63
95892 50
95913 67
95920 12
95998 5
96034 97
96134 31
96137 43
96218 96
96241 19
96255 37
96256 43
96325 73
96400 78
96437 42
96448 84
96492 52
96517 84
96525 80
96544 41
96623 10
96639 11
96667 3
96712 25
96880 43
96895 14
96917 27
96946 95
97009 28
97028 68
97035 86
97094 24
97099 86
97141 57
97190 24
97244 17
97264 41
97275 1
97338 98
97346 27
97407 87
97445 81
97469 98
97578 3
97722 94
97900 99
97943 45
97976 37
98064 65
98103 76
98110 44
98142 5
98156 18
98195 59
98200 49
98241 14
98280 1
98315 1
98334 82
98388 42
98461 72
98491 88
98517 52
98578 5
98599 99
98620 25
98633 91
98638 25
98657 76
98685 78
98695 23
98784 72
98884 17
98937 7
98951 54
98985 21
98992 4
99086 85
99159 63
99179 40
99251 21
99299 88
99351 92
99365 34
99597 22
99659 18
99663 42
99679 18
99693 7
99702 53
99711 28
99764 83
99774 7
99923 37
99974 62
99976 62
99982 72
100029 2
100037 37
100053 14
100181 77
100352 45
100477 26
100505 36
100562 85
100582 70
100612 59
100640 100
100696 6
100699 65
100762 27
100797 32
100861 65
100979 22
101007 85
101107 33
101138 96
101153 48
101178 55
101188 40
101219 10
101231 7
101253 49
101307 20
101307 87
101310 27
101321 56
101339 21
101366 13
101378 6
101379 94
101444 12
101478 4
101582 33
101690 13
101701 9
101724 79
101733 44
101810 19
101957 92
101971 4
102000 63
102002 87
102011 40
102014 75
102052 20
102112 38
102118 95
102126 48
102175 34
102255 41
102265 23
102275 7
102296 70
102333 39
102378 13
102437 99
102477 9
102552 89
102565 36
102596 6
102599 25
102665 19
102727 10
102743 92
102750 29
102795 73
102858 93
102959 95
102980 5
103002 9
103017 37
103123 61
103148 3
103217 97
103232 52
103314 93
103398 6
103413 86
103425 30
103426 60
103426 89
103462 88
103482 15
103495 5
103507 84
103612 75
103660 33
103675 61
103747 43
103760 86
103773 99
103793 13
103808 2
103826 2
103852 50
103907 85
103913 8
104042 40
104059 96
104119 71
104145 80
104146 79
104166 93
104166 96
104170 61
104195 57
104218 83
104270 57
104274 95
104282 13
104391 8
104679 99
104702 39
104940 23
105019 48
105026 49
105213 42
105268 5
105303 16
105796 53
105823 72
105840 12
105933 3
106006 78
106027 87
106030 83
106055 72
106085 55
106095 17
106157 87
106185 12
106228 94
106247 58
106362 95
106365 45
106460 9
106509 45
106514 89
106528 46
106577 34
106616 69
106629 10
106652 9
106727 87
106890 17
106902 8
106966 32
107014 74
107021 4
107121 11
107143 92
107263 23
107302 53
107390 49
107499 10
107510 82
107555 32
107616 20
107750 54
107957 79
107970 12
107996 78
108077 47
108112 88
108145 90
108168 65
108230 73
108325 11
108343 6
108360 64
108396 92
108407 7
108482 36
108509 60
108552 14
108632 42
108674 47
108703 82
108804 5
108849 71
108944 44
109036 57
109074 65
109079 29
109101 22
109161 84
109191 66
109223 21
109266 54
109274 36
109305 97
109322 66
109331 53
109372 24
109437 90
109499 94
109514 60
109647 81
109680 48
109768 52
109786 78
109845 77
109969 50
109996 46
110001 91
110012 82
110082 84
110147 12
110167 11
110167 88
110227 22
110262 99
110306 49
110374 45
110584 35
110632 20
110707 12
110710 74
110715 48
110765 64
110792 95
110822 47
110869 44
110882 3
110937 99
110979 64
111004 24
111029 70
111205 47
111237 84
111368 42
111459 23
111469 80
111513 51
111568 82
111579 85
111618 48
111663 10
111675 81
111769 46
111770 27
111773 85
111774 78
112022 2
112081 69
112133 15
112171 14
112259 78
112270 70
112321 2
112388 18
112406 12
112534 74
112574 78
112600 67
112648 4
112714 60
112756 34
112768 61
112774 93
112780 40
112967 95
112969 36
112974 66
113027 71
113041 15
113113 15
113141 62
113312 69
113352 66
113409 72
113473 91
113504 30
113608 66
113658 43
113694 82
113697 82
113724 81
113738 17
113744 17
113823 71
113866 23
113892 60
113912 54
113944 61
114003 21
114007 16
114064 51
114091 77
114099 23
114145 99
114371 26
114392 64
114455 36
114467 27
114563 84
114564 17
114590 7
114626 3
114643 21
114667 69
114674 61
114725 11
114743 31
114761 31
114891 90
114936 25
114974 75
115125 18
115191 95
115225 60
115284 79
115322 75
115358 57
115413 87
115425 51
115446 85
115581 55
115611 52
115755 19
115837 50
115886 69
115976 45
116020 95
116026 38
116061 58
116201 73
116299 86
116306 87
116343 59
116347 20
116352 43
116449 60
116484 51
116521 73
116555 82
116563 77
116642 39
116658 40
116695 40
116714 95
116758 92
116820 22
117022 88
117145 15
117172 43
117195 61
117250 43
117338 92
117346 80
117432 91
117455 52
117499 78
117558 18
117607 74
117644 14
117673 18
117836 39
117929 62
118034 75
118074 22
118094 88
118105 24
118107 17
118462 47
118485 47
118540 37
118549 42
118583 94
118688 61
118688 76
118781 80
118824 97
118909 11
118921 28
118955 61
118993 58
119050 8
119110 91
119172 86
119187 63
119202 5
119208 7
119386 5
119506 12
119557 95
119561 22
119621 6
119734 28
119755 96
119767 45
119951 26
120061 59
120074 41
120093 98
120222 57
120316 81
120390 8
120450 18
120545 25
120560 39
120612 64
120694 32
120791 65
120798 70
120991 14
121022 82
121059 24
121108 26
121187 99
121321 44
121352 95
121366 23
121374 6
121378 32
121398 17
121497 49
121561 12
121642 2
121742 71
121775 46
121888 57
121900 58
121945 44
122013 35
122095 26
122098 23
122108 7
122112 97
122149 83
122155 85
122161 22
122199 58
122219 19
122224 84
122284 87
122308 11
122351 33
122447 43
122505 39
122514 97
122523 12
122526 27
122547 51
122596 12
122648 38
122656 24
122663 99
122673 9
122685 44
122748 75
122771 35
123095 95
123283 38
123340 63
123364 19
123421 5
123444 21
123528 26
123542 8
123619 46
123680 16
123705 63
123766 83
123800 77
123831 66
123850 46
123874 95
123887 55
123916 28
124078 59
124122 51
124159 57
124160 55
124171 24
124179 44
124189 93
124265 95
124280 53
124323 98
124371 28
124437 25
124691 55
124816 92
124935 29
124938 12
124949 9
125005 97
125223 59
125382 30
125423 29
125478 55
125667 52
125693 85
125749 81
125784 86
125806 84
125815 16
125904 55
125967 74
125989 45
125996 40
126066 56
126094 54
126096 65
126174 57
126251 48
126257 33
126386 38
126455 5
126456 59
126460 83
126468 47
126518 21
126667 60
126747 89
126784 65
126796 11
126841 94
126852 23
126876 99
126901 95
126926 39
126994 6
127027 73
127069 51
127265 68
127436 28
127447 31
127475 95
127558 5
127575 100
127721 85
127771 51
127798 47
127940 19
127989 12
128017 100
128075 41
128081 88
128101 34
128110 58
128126 57
128138 18
128139 56
128182 88
128207 43
128215 34
128230 14
128262 71
128263 34
128278 87
128293 19
128317 9
128326 9
128515 6
128546 79
128628 5
128675 79
128702 54
128703 62
128712 36
128716 94
128801 98
128809 74
128937 43
129034 25
129114 51
129245 12
129262 43
129300 47
129323 53
129326 54
129472 52
129635 86
129667 62
129700 100
129750 88
129780 73
129788 79
129794 11
129882 46
130015 16
130084 73
130113 4
130149 50
130210 78
130222 10
130231 63
130249 71
130283 75
130362 23
130403 93
130511 29
130527 10
130587 61
130588 15
130613 47
130640 13
130667 65
130706 13
130872 66
130887 13
130972 36
130976 28
130988 13
130998 97
131011 43
131106 31
131118 46
131207 4
131359 16
131368 100
131453 23
131500 44
131517 2
131517 3
131595 68
131641 93
131667 79
131703 92
131826 68
131979 15
132080 79
132092 94
132125 68
132149 84
132219 98
132246 11
132265 65
132300 62
132326 66
132337 31
132442 5
132470 96
132532 68
132571 40
132598 78
132619 66
132657 32
132708 29
132798 15
132815 9
132876 95
133076 54
133216 37
133272 53
133300 27
133517 65
133539 46
133566 34
133600 94
133637 67
133696 11
133775 57
133775 79
134041 6
134081 64
134131 29
134131 52
134179 77
134239 57
134255 100
134287 17
134297 80
134332 51
134359 64
134393 27
134400 19
134448 45
134451 83
134460 51
134631 24
134745 95
134782 45
134819 93
134868 24
134903 87
134948 21
135078 73
135096 29
135185 83
135220 74
135463 69
135610 2
135668 47
135678 62
135722 91
135918 17
135944 86
135960 32
136020 27
136079 27
136286 93
136288 16
136358 90
136444 48
136473 7
136485 45
136527 19
136530 43
136672 39
136686 51
136692 97
136751 79
136801 66
136843 58
136858 46
136886 31
136962 72
137002 34
137051 100
137117 49
137300 92
137502 97
137521 94
137594 83
137599 39
137651 82
137743 59
137860 75
137865 72
137898 93
137913 69
137953 82
137957 15
137971 84
137982 38
138016 86
138073 79
138119 88
138131 100
138168 61
138424 94
138472 7
138485 87
138554 34
138628 41
138668 35
138720 25
138720 37
138854 25
138863 19
138883 69
138976 76
138987 50
139047 3
139083 65
139084 76
139095 41
139123 42
139231 35
139258 89
139380 45
139391 30
139399 19
139440 71
139490 28
139519 74
139574 38
139594 32
139623 33
139635 31
139737 16
139754 75
139884 77
139956 26
140035 87
140072 11
140123 95
140200 7
140213 1
140214 36
140219 98
140280 57
140290 35
140329 35
140373 68
140384 74
140435 92
140495 23
140497 20
140543 82
140548 5
140594 17
140604 56
140612 47
140649 55
140672 84
140734 64
140761 79
140885 86
140938 7
140942 18
140957 75
140969 31
141015 45
141043 97
141050 23
141139 90
141178 82
141206 59
141306 37
141451 2
141453 17
141510 67
141526 76
141699 48
141727 74
141752 10
141920 16
141922 34
141956 9
141966 4
141992 41
142039 16
142066 56
142083 45
142083 61
142198 85
142207 9
142207 78
142292 91
142382 51
142405 84
142423 85
142443 16
142550 31
142674 6
142681 47
142793 22
142799 62
142843 76
142974 67
143026 73
143101 60
143339 47
143371 22
143398 35
143471 73
143538 6
143731 48
143742 12
143807 70
143817 27
143850 69
143852 76
143869 1
143891 38
143984 58
144003 40
144031 48
144067 40
144196 14
144201 63
144236 95
144289 19
144298 78
144509 93
144586 42
144593 83
144634 43
144744 5
144837 88
144851 70
144946 2
144948 62
144995 50
145048 45
145065 32
145109 49
145242 90
145419 59
145430 49
145500 57
145546 3
145559 5
145565 6
145599 55
145637 85
145649 50
145696 7
145710 74
145746 64
145756 37
145991 92
146005 35
146116 50
146176 31
146347 87
146364 10
146430 83
146497 18
146507 68
146522 39
146544 97
146576 61
146586 22
146590 77
146603 97
146618 16
146618 39
146717 39
146757 85
146831 28
146834 17
146958 5
146995 82
147001 24
147005 60
147033 35
147081 63
147168 5
147219 42
147252 97
147265 69
147333 35
147382 16
147392 76
147435 54
147511 36
147524 16
147524 26
147583 51
147634 62
147647 9
147648 60
147655 46
147687 79
147688 22
147700 10
147708 18
147712 87
147713 27
147749 28
147828 12
147839 27
147888 73
147906 24
147960 55
148024 54
148027 90
148120 21
148141 100
148161 49
148293 33
148325 63
148365 77
148444 52
148565 83
148596 15
148622 74
148646 31
148665 91
148676 51
148874 71
148928 100
148966 7
148985 13
149008 84
149042 100
149179 69
149223 19
149229 45
149238 50
149273 100
149282 5
149341 66
149354 90
149438 57
149487 1
149545 93
149549 100
149613 33
149719 72
149796 36
149857 23
149867 2
150030 57
150048 61
150098 19
150106 12
150221 90
150225 88
150306 50
150329 7
150350 18
150465 40
150513 77
150516 75
150724 65
150744 23
150744 65
150756 92
150898 77
150913 25
150922 44
150931 17
150962 6
150967 71
151086 61
151190 42
151200 55
151225 25
151259 24
151303 7
151478 7
151487 11
151648 39
151671 46
151697 52
151701 86
151750 74
151763 74
151804 86
151846 50
151985 22
152220 37
152238 38
152257 17
152313 82
152329 7
152391 79
152408 72
152416 69
152425 5
152512 53
152541 83
152630 53
152659 31
152676 34
152677 96
152756 58
152758 36
152783 32
152793 95
152998 84
153077 82
153149 88
153175 79
153195 7
153249 25
153254 56
153308 57
153321 63
153342 97
153439 9
153494 58
153520 21
153535 51
153578 34
153611 72
153625 20
153682 49
153723 85
153731 90
153738 33
153751 90
153780 81
153803 57
153873 81
153897 66
153941 21
153943 60
154062 78
154078 98
154150 59
154157 66
154177 41
154177 97
154178 29
154326 93
154359 34
154385 22
154446 51
154470 39
154524 76
154589 47
154607 7
154761 57
154761 93
154834 29
154840 75
154885 62
154917 21
154928 59
154981 55
155016 64
155023 6
155063 96
155151 92
155183 40
155208 52
155266 72
155269 25
155350 31
155358 24
155367 78
155374 23
155403 73
155587 5
155595 22
155702 53
155717 58
155765 93
155771 32
155813 53
155847 5
155852 47
155871 67
155890 87
155899 42
155976 6
156003 9
156211 58
156240 32
156244 66
156326 41
156351 51
156387 45
156566 37
156586 63
156598 97
156611 63
156657 55
156681 86
156774 32
156802 53
156819 85
156846 82
156909 26
157015 48
157019 83
157032 72
157071 15
157176 65
157218 100
157241 20
157242 24
157377 80
157431 91
157435 36
157448 19
157521 20
157526 19
157531 49
157576 81
157606 100
157670 87
157767 43
157862 65
157871 86
157972 52
157997 57
157997 84
157999 19
158002 26
158004 7
158092 27
158111 52
158152 85
158207 89
158235 85
158504 32
158506 43
158510 55
158539 36
158559 79
158631 64
158648 23
158754 90
158865 99
158984 7
159029 10
159047 35
159164 68
159254 96
159276 34
159403 47
159435 44
159462 25
159523 70
159644 9
159659 66
159832 18
159832 65
160008 41
160108 11
160144 61
160206 36
160220 35
160228 41
160289 86
160295 49
160403 66
160452 23
160493 77
160510 30
160522 63
160556 50
160604 56
160609 62
160615 15
160688 66
160719 4
160726 20
160777 83
160876 63
160907 81
160930 57
161013 53
161014 81
161048 91
161103 92
161246 28
161411 66
161428 20
161468 40
161542 74
161591 39
161702 75
161725 94
161761 21
161805 82
161890 20
161920 36
161977 93
162110 89
162117 78
162134 60
162324 77
162330 99
162335 63
162341 68
162417 2
162525 51
162565 25
162746 46
162966 22
163008 83
163059 60
163156 61
163217 27
163252 54
163256 54
163285 95
163343 65
163379 72
163410 24
163425 72
163530 80
163543 86
163614 62
163653 18
163669 93
163706 9
163732 30
163771 84
163803 30
163907 52
163965 56
163999 69
164046 26
164143 29
164184 47
164277 63
164293 25
164410 65
164475 64
164574 3
164581 33
164587 13
164601 88
164603 5
164626 53
164663 66
164712 22
164884 60
164887 77
164890 41
164921 82
164974 60
165000 13
165053 74
165071 95
165166 5
165220 67
165246 87
165353 35
165381 67
165478 23
165580 19
165666 21
165684 20
165691 85
165744 92
165794 42
165810 68
165846 66
165907 76
165932 99
165964 55
165977 48
165983 65
166067 91
166246 26
166318 83
166341 79
166363 18
166364 95
166381 4
166478 45
166543 40
166560 61
166621 8
166698 24
166734 72
166800 42
166834 97
166884 7
167146 37
167187 86
167195 98
167326 46
167622 15
167690 97
167736 39
167750 57
167886 80
167944 92
168054 48
168082 85
168091 71
168142 3
168265 75
168293 10
168302 35
168305 28
168311 22
168341 6
168361 62
168372 99
168377 36
168487 46
168502 88
168558 4
168566 66
168610 65
168622 22
168663 49
168686 2
168853 14
169059 62
169132 94
169159 67
169199 9
169228 45
169281 75
169319 3
169347 52
169433 100
169473 73
169624 78
169703 43
169742 97
169814 69
169842 60
169863 64
169925 36
169953 77
170019 81
170025 26
170029 90
170103 75
170113 50
170117 72
170153 1
170164 70
170215 65
170228 73
170316 50
170328 15
170363 78
170379 20
170379 33
170433 96
170449 41
170469 7
170494 95
170496 6
170509 65
170509 78
170605 28
170675 41
170734 99
170766 23
170802 76
170822 88
170836 90
170874 55
170900 3
171051 66
171149 28
171166 16
171177 42
171260 9
171279 66
171285 4
171323 16
171333 79
171481 84
171572 65
171691 27
171757 20
171786 15
171884 67
172016 86
172068 37
172087 46
172139 71
172143 23
172144 3
172277 56
172359 49
172606 5
172606 66
172727 59
172739 9
172878 76
172958 21
172977 80
173096 68
173106 52
173243 82
173360 5
173380 56
173435 95
173448 94
173473 49
173475 28
173496 73
173677 49
173696 30
173759 88
173780 54
173803 89
173811 35
173855 74
173858 21
174034 35
174073 77
174104 48
174136 33
174222 100
174242 99
174342 99
174345 11
174395 25
174416 49
174427 27
174434 26
174452 7
174480 8
174501 55
174574 28
174581 18
174696 59
174712 74
174760 73
174766 48
174810 95
174826 25
174839 45
174852 25
174946 74
175096 33
175118 11
175159 31
175287 92
175293 83
175326 29
175333 56
175342 12
175387 6
175401 65
175470 6
175517 28
175523 79
175576 60
175597 11
175614 78
175655 93
175713 42
175733 53
175788 70
175859 60
175883 8
175890 43
175923 73
176188 7
176206 24
176270 61
176288 94
176324 32
176381 32
176419 95
176455 96
176545 100
176576 84
176590 37
176615 23
176618 45
176619 12
176626 94
176629 68
176630 45
176666 10
176682 65
176690 35
176721 53
176730 60
176844 85
176891 47
176924 66
176962 38
177011 67
177028 66
177036 28
177103 90
177189 92
177203 10
177222 8
177261 51
177285 51
177296 36
177433 45
177447 30
177564 67
177571 95
177576 54
177629 44
177707 21
177745 36
177783 11
177803 64
177936 61
177976 84
178014 20
178056 15
178091 94
178165 52
178278 85
178311 70
178351 38
178405 72
178413 88
178509 73
178563 96
178610 4
178630 94
178673 3
178836 31
178970 34
179009 84
179033 32
179045 94
179179 32
179221 36
179335 55
179335 97
179424 47
179426 40
179569 70
179670 39
179699 95
179770 65
179870 16
179941 76
179971 70
180056 60
180124 43
180188 46
180194 25
180247 10
180311 81
180317 19
180529 60
180641 17
180682 67
180758 55
180796 35
180863 34
180877 43
180881 28
181048 67
181110 96
181115 97
181118 11
181132 27
181257 48
181265 77
181434 59
181515 43
181569 32
181616 96
181634 97
181665 42
181692 4
181702 87
181710 45
181751 1
181756 43
181761 100
181844 51
181900 68
181904 40
181948 62
181958 63
181977 56
181987 9
181989 94
182097 98
182111 66
182202 87
182211 38
182225 92
182246 45
182300 10
182318 61
182366 93
182387 52
182399 46
182401 29
182414 58
182417 16
182488 14
182620 23
182687 86
182869 91
182877 2
182928 59
183010 85
183086 50
183104 54
183121 21
183169 78
183182 77
183190 68
183196 26
183246 72
183246 80
183264 39
183293 83
183504 20
183520 63
183631 77
183635 58
183667 58
183685 36
183718 69
183751 32
183822 82
183845 59
183858 97
183882 14
183916 86
184000 18
184058 60
184158 7
184166 80
184349 75
184350 51
184420 92
184454 15
184522 46
184571 19
184688 22
184731 77
184768 96
184776 5
184778 27
184784 43
184804 5
184832 95
184860 74
184927 70
185094 2
185106 56
185147 34
185166 56
185206 29
185218 14
185237 91
185251 26
185282 96
185297 7
185299 60
185313 33
185326 19
185333 9
185336 18
185353 48
185391 9
185466 69
185562 28
185629 15
185645 91
185660 86
185678 47
185728 44
185741 43
185821 3
185964 80
186024 11
186038 61
186117 100
186202 78
186328 83
186565 44
186567 80
186648 74
186701 15
186863 63
186869 89
186884 10
186891 10
186906 78
186933 13
186951 72
187038 34
187121 17
187176 82
187185 46
187186 40
187216 26
187229 70
187410 42
187422 69
187471 36
187479 94
187518 59
187591 40
187603 91
187628 64
187644 79
187699 88
187772 15
187913 64
187976 99
187985 90
188110 84
188160 55
188175 88
188205 38
188222 3
188228 91
188233 57
188289 9
188320 45
188338 29
188493 64
188515 77
188562 33
188598 88
188603 31
188642 83
188789 21
188892 89
188908 13
189016 44
189091 65
189207 99
189245 98
189302 51
189366 20
189381 88
189410 14
189445 98
189525 93
189545 6
189580 74
189598 60
189659 81
189734 99
189774 5
189780 85
189819 87
189927 19
190007 8
190123 16
190154 32
190261 60
190282 18
190304 16
190343 23
190412 93
190446 65
190451 43
190532 43
190557 65
190588 95
190713 51
190718 75
190736 32
190761 33
190793 32
190828 34
190877 6
190966 76
190975 77
191031 19
191100 24
191187 24
191207 68
191295 97
191306 52
191493 11
191503 19
191614 66
191641 44
191664 9
191674 94
191739 79
191796 88
191819 93
191841 22
191849 43
191949 96
191984 91
192041 84
192042 59
192133 23
192217 59
192345 41
192386 27
192434 48
192517 67
192539 82
192573 43
192598 96
192659 13
192745 84
192752 22
192793 29
192797 85
192831 31
192832 6
192833 23
192878 41
192913 8
192954 85
193053 16
193132 45
193223 42
193230 63
193288 29
193295 40
193299 85
193333 54
193646 92
193679 65
193700 85
193831 65
193907 44
193976 31
194036 95
194057 64
194376 19
194400 4
194509 4
194620 25
194664 69
194692 72
194696 50
194725 22
194733 63
194742 63
194798 46
194855 32
194882 75
194988 62
195044 32
195056 93
195180 20
195267 81
195278 78
195288 95
195307 19
195335 61
195400 28
195503 37
195539 10
195565 11
195567 68
195570 35
195628 70
195659 53
195666 79
195866 50
195923 91
195929 64
195991 51
196036 15
196042 77
196054 13
196099 40
196241 7
196303 72
196310 29
196332 45
196365 34
196516 40
196543 36
196601 68
196609 14
196720 99
196734 17
196738 48
196775 18
196775 60
196795 16
196830 73
197042 24
197072 49
197088 76
197117 69
197180 40
197235 85
197260 71
197266 24
197320 45
197333 63
197342 15
197447 53
197538 79
197737 72
197862 48
197921 44
197951 98
198055 89
198071 15
198131 10
198152 98
198197 14
198201 21
198258 19
198260 90
198264 58
198297 96
198308 41
198350 4
198386 22
198423 72
198425 61
198480 22
198577 20
198705 71
198736 78
198791 45
198822 81
198845 58
198897 93
198965 2
198984 45
199038 70
199093 98
199109 75
199141 34
199187 42
199346 7
199440 47
199481 92
199604 39
199676 50
199726 63
199813 38
199930 40
200017 17
200020 5
200065 66
200087 80
200094 84
200097 2
200106 89
200108 93
200132 6
200140 70
200316 89
200414 97
200428 17
200562 29
200645 87
200703 67
200808 43
200831 32
200836 85
200866 44
200884 71
200921 5
201002 44
201024 89
201047 67
201095 65
201230 89
201266 43
201305 34
201315 49
201381 33
201398 55
201420 41
201458 36
201524 31
201542 41
201661 49
201685 77
201793 24
201838 84
201845 12
201907 21
201989 48
202024 75
202223 63
202263 10
202266 60
202321 25
202389 24
202432 50
202569 17
202652 20
202695 68
202758 99
202783 100
202800 27
202839 34
202843 68
203028 43
203043 69
203062 44
203074 76
203076 53
203087 87
203092 6
203106 98
203113 63
203151 82
203157 2
203170 36
203251 69
203279 64
203296 98
203334 99
203360 29
203378 3
203383 41
203401 40
203411 21
203435 24
203501 58
203511 39
203514 83
203520 8
203582 63
203612 13
203655 93
203660 100
203684 69
203873 12
203881 53
203912 64
203955 81
204105 14
204182 37
204189 25
204274 24
204447 19
204469 73
204482 36
204491 26
204520 71
204567 22
204567 68
204593 81
204631 100
204736 97
204830 49
204852 91
204920 15
204920 72
204939 86
205110 81
205172 20
205177 93
205190 82
205229 40
205242 53
205289 67
205289 73
205295 74
205407 90
205466 63
205472 67
205585 16
205609 4
205620 81
205776 3
205788 89
205824 28
205861 18
205884 24
206005 1
206040 16
206045 21
206113 79
206126 10
206159 6
206168 54
206236 28
206267 60
206284 75
206288 3
206326 58
206441 84
206531 86
206607 25
206622 12
206627 54
206640 66
206642 49
206670 53
206831 32
206911 83
206925 49
206928 28
206961 56
207011 75
207020 80
207036 79
207087 85
207134 61
207164 22
207195 72
207246 80
207252 100
207280 63
207298 12
207369 95
207383 35
207398 67
207557 26
207585 90
207666 83
207723 60
207884 76
207929 68
207932 83
207970 96
208014 89
208199 27
208221 99
208250 15
208299 35
208350 77
208366 25
208399 66
208420 75
208502 50
208616 54
208636 74
208640 74
208649 4
208697 62
208751 41
208774 88
208778 35
208799 100
208902 79
208934 32
208941 98
209047 2
209067 16
209191 17
209193 57
209365 63
209397 51
209458 43
209477 42
209529 17
209556 14
209686 7
209726 22
209731 32
209733 23
209745 18
209774 12
209933 14
209982 31
210077 33
210107 8
210108 96
210126 86
210203 29
210206 76
210279 20
210301 99
210411 16
210424 31
210477 65
210546 93
210589 60
210619 9
210719 80
210790 47
210791 36
211026 43
211118 24
211123 23
211134 87
211218 18
211287 52
211326 10
211382 66
211382 93
211397 31
211462 24
211474 62
211524 44
211593 40
211597 70
211769 24
211790 54
211805 48
211810 23
211841 3
211893 5
211977 17
212008 55
212024 36
212045 13
212247 86
212275 3
212306 8
212342 94
212381 45
212425 79
212523 3
212554 82
212562 25
212648 100
212669 21
212670 4
212702 96
212761 51
212812 23
212849 8
212927 76
212939 43
213154 14
213170 51
213265 81
213266 66
213276 43
213358 27
213441 73
213526 100
213543 96
213549 71
213561 87
213563 29
213583 29
213597 84
213676 14
213684 5
213741 85
213786 41
213889 64
213923 30
213977 60
214112 40
214132 79
214138 2
214144 23
214176 60
214263 50
214319 35
214341 47
214381 74
214394 87
214449 37
214550 40
214557 80
214598 61
214654 11
214656 89
214695 28
214737 21
214740 95
214784 40
214792 1
214803 19
214878 44
215069 62
215175 25
215242 82
215376 93
215545 43
215596 31
215606 44
215658 92
215700 54
215775 99
215960 27
216013 91
216037 35
216113 56
216115 2
216196 79
216205 56
216255 6
216385 39
216534 20
216542 20
216551 1
216608 24
216700 91
216708 56
216723 44
216735 25
216801 10
216883 24
216986 85
216989 64
217016 61
217036 22
217175 38
217235 3
217245 52
217259 89
217283 73
217359 37
217591 7
217601 24
217631 20
217645 63
217714 29
217720 22
217753 72
217766 77
217864 38
217935 62
217962 47
217962 62
217979 67
217993 51
218047 37
218071 95
218074 78
218102 97
218211 49
218212 15
218240 32
218242 42
218302 77
218336 9
218345 21
218383 30
218426 22
218438 34
218443 95
218485 40
218531 35
218535 70
218541 37
218577 98
218582 39
218678 98
218700 25
218705 14
218779 46
218963 56
218972 19
219001 74
219004 96
219013 83
219041 63
219068 86
219174 98
219197 17
219204 97
219247 93
219282 95
219351 31
219377 95
219394 41
219408 28
219484 10
219489 100
219526 14
219534 75
219559 39
219601 88
219613 67
219627 46
219663 72
219773 98
219819 87
219937 63
220066 54
220131 40
220384 92
220453 97
220461 25
220464 13
220649 10
220756 31
220808 35
220813 67
220831 49
220974 30
220981 62
220988 46
221037 86
221047 89
221069 17
221077 95
221151 80
221192 38
221297 81
221317 68
221357 94
221412 88
221423 64
221452 14
221558 48
221560 69
221629 54
221645 17
221652 23
221739 15
221758 58
221774 39
221864 17
221880 78
221889 51
221927 45
221931 99
221972 83
222020 75
222079 4
222209 23
222250 37
222353 37
222391 76
222409 90
222449 20
222470 76
222532 22
222569 40
222605 83
222781 2
222820 55
222839 14
222930 18
222941 88
222962 84
222990 76
223010 73
223075 95
223091 88
223141 25
223143 50
223144 5
223184 26
223215 9
223225 55
223239 17
223242 36
223264 81
223383 13
223425 59
223520 57
223563 12
223603 91
223612 7
223634 69
223677 22
223703 27
223961 85
224047 45
224086 14
224117 98
224199 21
224298 5
224304 83
224312 8
224411 34
224543 91
224592 76
224602 25
224610 57
224619 19
224621 63
224666 11
224734 94
224756 69
224891 77
224905 73
224934 30
224937 30
224979 29
225162 16
225187 92
225248 61
225272 75
225335 61
225374 34
225376 78
225428 6
225434 49
225452 15
225461 3
225465 65
225469 88
225514 49
225593 19
225646 38
225672 17
225720 82
225936 99
225970 79
225991 85
226028 87
226061 50
226088 31
226119 100
226183 30
226349 22
226367 94
226370 12
226375 10
226379 51
226487 92
226589 72
226604 52
226631 70
226840 16
226875 96
226908 92
226911 84
227000 1
227016 77
227187 64
227214 56
227214 92
227288 39
227318 87
227355 72
227366 85
227374 31
227385 50
227394 61
227483 8
227490 33
227632 69
227655 2
227788 27
227899 62
227961 56
227965 68
227987 67
227992 81
227994 80
228106 57
228139 67
228203 94
228252 20
228345 49
228374 51
228390 30
228603 35
228647 68
228658 78
228673 41
228841 54
228849 85
228908 32
229060 22
229099 40
229144 95
229192 90
229262 45
229292 72
229329 21
229353 61
229411 83
229425 73
229467 71
229612 92
229636 1
229657 37
229699 14
229763 85
229778 59
229804 1
229831 4
229843 90
229904 39
230020 79
230089 23
230178 66
230273 40
230358 59
230463 5
230603 13
230630 70
230639 40
230655 68
230659 11
230746 27
231027 60
231076 21
231145 50
231372 67
231444 76
231468 70
231494 47
231516 57
231607 57
231631 39
231690 8
231810 90
231899 76
231901 14
231926 48
231932 75
232087 70
232185 86
232281 73
232297 54
232313 31
232353 63
232355 25
232398 31
232437 50
232449 32
232460 96
232467 92
232546 2
232733 55
232764 66
232778 69
232794 3
232797 9
232811 41
232858 59
232861 72
232872 18
232954 49
232965 54
232978 94
233039 95
233077 93
233211 76
233303 93
233334 19
233350 88
233489 94
233497 4
233568 11
233573 12
233626 76
233644 96
233679 31
233927 30
233927 66
234030 39
234068 19
234093 19
234139 12
234230 18
234324 98
234340 87
234353 82
234360 74
234378 24
234433 72
234462 5
234495 80
234538 46
234549 95
234593 1
234607 42
234643 30
234677 23
234730 11
234759 98
234793 49
234805 19
234836 46
234838 26
234923 86
235000 23
235016 42
235107 12
235130 35
235167 68
235204 63
235251 62
235309 95
235328 94
235423 64
235472 16
235561 56
235562 26
235596 10
235651 82
235758 70
235983 2
235989 34
236055 48
236070 2
236112 25
236117 82
236240 19
236288 33
236295 50
236324 65
236344 24
236414 69
236436 93
236497 79
236563 52
236629 20
236665 57
236716 36
236739 28
236893 16
236940 83
236963 47
237037 5
237051 60
237196 48
237201 71
237206 38
237335 69
237382 74
237467 28
237506 57
237560 63
237664 1
237941 19
238014 21
238079 6
238097 94
238141 32
238194 37
238276 44
238294 32
238433 48
238442 71
238496 34
238658 75
238748 18
238810 4
238810 97
238832 21
238856 34
238941 44
239103 90
239231 32
239256 62
239264 23
239293 76
239351 75
239397 34
239461 47
239461 55
239535 95
239568 36
239617 31
239645 29
239664 82
239713 83
239743 77
239745 32
239751 40
239767 8
239769 99
239823 7
239910 37
240087 83
240187 94
240204 5
240379 83
240432 96
240439 41
240452 2
240503 2
240520 1
240563 100
240616 10
240660 58
240719 99
240725 92
240753 92
240778 97
240993 23
240995 38
241024 16
241048 14
241116 44
241142 12
241238 18
241392 99
241395 49
241569 5
241595 48
241619 35
241703 50
241727 96
241851 90
241878 54
241893 16
241925 68
241927 65
241954 42
242030 11
242043 24
242082 87
242160 41
242203 27
242232 98
242281 36
242440 57
242441 71
242521 88
242537 64
242639 42
242794 94
242827 63
242923 36
242926 8
242968 24
242978 17
242982 71
243065 64
243090 55
243190 20
243293 8
243335 54
243372 99
243386 12
243398 97
243437 61
243482 59
243504 61
243624 30
243664 68
243683 84
243728 64
243758 19
243765 40
243836 75
243910 59
244031 62
244102 9
244119 75
244125 40
244133 46
244150 45
244167 48
244171 99
244195 35
244247 19
244340 40
244379 16
244380 90
244405 39
244443 40
244582 77
244750 53
244780 69
244812 99
244892 83
244905 8
244923 28
245016 43
245068 3
245129 80
245153 74
245202 42
245207 29
245210 48
245390 39
245424 13
245508 5
245517 38
245536 86
245539 51
245636 80
245686 31
245723 56
245728 35
245827 28
245842 29
245880 67
245910 51
245993 41
246039 28
246144 92
246173 38
246193 57
246265 74
246311 95
246321 7
246356 26
246442 42
246506 86
246590 51
246591 38
246609 74
246731 79
246737 11
246769 35
246782 98
246808 100
246871 69
246923 25
246945 26
247012 41
247018 61
247071 23
247112 45
247113 41
247121 64
247127 19
247235 59
247286 11
247311 9
247348 69
247378 97
247397 62
247422 12
247528 20
247543 76
247599 67
247784 24
247834 2
247911 38
247964 40
248015 69
248053 33
248082 92
248106 67
248299 76
248326 74
248339 61
248375 84
248402 13
248472 64
248484 32
248540 22
248541 29
248737 4
248854 66
249029 34
249046 15
249149 80
249219 68
249357 2
249376 71
249438 78
249459 55
249471 66
249482 12
249503 100
249504 34
249716 94
249818 87
249851 55
249971 100
249978 49
250002 71
250018 75
250108 7
250133 24
250142 44
250150 58
250181 11
250243 10
250270 93
250272 62
250320 59
250344 90
250381 31
250400 93
250568 54
250688 47
250707 42
250721 91
250808 76
250826 94
251038 65
251041 64
251118 81
251165 40
251173 79
251233 65
251286 88
251297 73
251338 68
251357 5
251380 12
251390 83
251470 63
251509 32
251591 52
251622 86
251637 36
251660 20
251679 71
251882 23
251892 53
251944 23
251954 14
252041 47
252050 10
252080 51
252162 14
252178 65
252489 11
252584 16
252635 55
252771 31
252781 30
252781 38
252787 93
252809 20
252823 71
252906 39
252995 44
253053 44
253109 12
253115 51
253123 95
253234 97
253260 73
253268 48
253465 5
253486 71
253508 79
253578 70
253592 81
253723 20
253800 1
254004 74
254139 8
254189 98
254190 71
254222 20
254227 29
254294 26
254329 48
254480 2
254483 5
254500 22
254637 72
254648 45
254670 30
254707 43
254736 46
254747 73
254772 78
254793 57
254797 9
254810 27
254811 24
254853 34
254911 68
254915 17
254915 37
254949 100
254986 37
255084 65
255138 88
255166 77
255237 48
255249 30
255266 62
255289 85
255325 8
255350 58
255416 23
255436 76
255559 53
255570 80
255619 59
255672 84
255715 84
255765 100
255771 29
255858 2
255878 73
255921 3
255923 98
255953 46
255957 1
256064 9
256157 71
256198 87
256274 88
256300 76
256301 62
256304 20
256532 39
256542 41
256571 61
256653 32
256732 59
256766 65
256836 72
256900 19
257014 66
257073 83
257081 61
257097 7
257113 46
257174 11
257202 47
257270 29
257434 15
257514 56
257520 2
257617 30
257694 26
257730 47
257765 57
257775 15
257785 93
257800 25
257801 59
257876 69
257918 7
257960 47
258002 66
258156 38
258162 98
258188 5
258204 70
258390 84
258420 80
258435 38
258451 25
258456 100
258471 25
258482 24
258533 87
258538 6
258567 4
258639 82
258658 80
258684 76
258732 11
258837 96
258847 33
258983 31
259045 42
259054 19
259178 24
259246 33
259264 33
259272 76
259312 85
259357 91
259384 45
259414 50
259535 88
259629 66
259630 48
259664 56
259819 3
259858 78
259875 19
259877 66
259964 38
260046 37
260047 93
260067 94
260105 7
260174 85
260216 2
260236 34
260276 10
260295 92
260349 91
260352 95
260401 89
260449 41
260479 71
260540 95
260543 64
260583 61
260689 60
260795 27
260923 23
260923 55
260937 6
260964 62
260994 27
261022 62
261081 13
261131 95
261148 54
261198 46
261266 8
261334 73
261380 85
261406 79
261465 85
261559 81
261711 75
261711 86
261774 15
261795 62
261894 5
261994 14
262075 12
262087 99
262199 29
262231 88
262265 97
262362 51
262396 83
262498 73
262501 52
262543 34
262668 52
262676 6
262709 34
262722 31
262723 60
262739 56
262758 96
262778 27
262788 26
262831 46
262835 98
262856 44
262868 93
262872 96
262899 80
262933 50
262964 20
262983 69
263058 47
263064 6
263084 93
263093 37
263104 70
263289 73
263319 85
263353 96
263374 24
263377 61
263392 64
263432 50
263487 43
263671 1
263706 69
263724 94
263733 24
263746 43
263847 45
263849 57
263968 38
264016 89
264054 6
264070 37
264122 1
264290 45
264316 32
264317 49
264375 11
264445 100
264529 64
264531 43
264560 79
264579 86
264637 18
264650 92
264798 59
264800 54
264847 39
264951 45
265016 63
265064 88
265098 4
265131 30
265177 86
265180 31
265207 29
265222 34
265307 34
265311 35
265326 48
265447 46
265581 26
265591 100
265629 87
265654 34
265755 42
265858 100
265859 30
265945 3
265974 91
265977 4
266085 33
266098 89
266141 84
266160 91
266165 49
266215 59
266316 19
266317 92
266386 86
266421 46
266432 41
266485 90
266684 35
266698 26
266709 12
266807 56
266813 91
266825 16
266849 29
266897 15
266898 45
266956 5
266994 10
267000 4
267010 98
267138 50
267217 97
267287 41
267306 32
267336 26
267385 98
267540 50
267577 2
267578 78
267597 79
267620 78
267660 53
267684 17
267741 30
267746 66
267754 6
267809 86
267831 4
268005 17
268066 95
268105 42
268284 20
268395 95
268568 23
268695 53
268701 38
268717 73
268763 4
268847 52
268936 64
268949 12
268982 76
269004 95
269156 64
269199 44
269235 38
269246 18
269259 90
269351 53
269375 79
269475 87
269481 69
269496 73
269702 54
269753 53
269783 96
269876 11
269925 11
269948 36
269963 69
269974 91
269983 12
270003 31
270086 84
270139 73
270150 47
270160 70
270215 23
270230 75
270240 3
270240 33
270243 19
270272 84
270354 50
270357 67
270369 75
270371 26
270392 99
270441 18
270482 23
270614 17
270707 26
270787 28
270856 7
270867 95
270936 16
270938 1
270968 13
271009 17
271060 94
271089 95
271126 50
271154 13
271182 63
271241 32
271268 14
271294 96
271350 1
271443 54
271490 83
271529 45
271585 15
271665 72
271686 43
271689 20
271715 74
271722 9
271758 82
271843 45
271909 22
271911 47
271970 58
272000 9
272041 59
272123 84
272130 73
272158 94
272201 4
272262 85
272272 72
272439 53
272461 22
272478 59
272525 97
272553 63
272566 29
272590 34
272635 62
272783 18
272789 2
272814 12
272855 11
272860 99
272925 31
272948 40
272962 49
272977 97
272998 64
273073 1
273153 25
273171 39
273201 100
273220 68
273226 12
273265 63
273334 13
273379 3
273544 14
273643 57
273710 27
273775 41
273831 66
273906 46
273997 5
274020 47
274030 92
274046 33
274091 84
274144 63
274158 13
274214 12
274239 15
274303 93
274344 16
274400 83
274429 73
274495 73
274551 84
274593 4
274626 79
274735 92
274751 64
274818 35
274849 51
274934 31
274961 31
274964 100
274983 64
274986 21
275014 60
275028 12
275131 4
275161 78
275225 23
275357 82
275475 27
275491 23
275515 31
275669 54
275673 55
275756 90
275798 7
275804 9
275806 7
275846 91
275864 38
275950 34
276113 99
276173 32
276206 49
276268 48
276302 63
276332 16
276389 80
276391 13
276410 1
276467 68
276479 85
276518 30
276551 14
276709 31
276715 37
276718 49
276728 65
276749 22
276761 13
276763 56
276786 38
276904 65
277026 76
277120 59
277159 89
277161 35
277279 90
277355 92
277376 17
277410 76
277418 51
277464 60
277468 63
277499 35
277500 78
277534 25
277545 31
277748 56
277756 19
277777 86
277877 12
277895 34
277923 45
277930 39
277945 81
277952 50
278057 78
278070 66
278116 25
278289 60
278372 28
278471 75
278506 64
278643 30
278714 2
278811 60
278837 1
278897 80
279109 95
279117 80
279172 53
279213 92
279328 15
279385 1
279551 4
279691 81
279702 95
279786 15
279902 5
279959 89
279969 6
279991 99
280011 87
280041 20
280055 60
280106 34
280151 75
280225 16
280262 58
280266 76
280291 36
280314 62
280492 73
280522 58
280697 39
280759 19
280771 83
280785 67
280786 94
280823 14
280862 63
280938 83
281042 19
281074 80
281102 62
281129 62
281162 86
281237 31
281242 13
281287 59
281297 34
281300 86
281311 12
281320 62
281334 32
281368 9
281457 11
281538 7
281581 30
281600 51
281706 4
281754 92
281798 88
281866 85
281882 32
281920 50
281973 59
281988 17
281988 50
281992 52
282041 79
282045 43
282085 15
282099 28
282213 27
282342 2
282435 83
282498 86
282541 54
282542 87
282629 96
282683 42
282773 94
282836 29
282878 20
283025 70
283063 28
283105 76
283121 7
283123 69
283155 96
283156 41
283214 29
283248 94
283271 95
283300 11
283323 73
283530 33
283552 21
283588 10
283601 46
283603 75
283636 69
283756 2
283840 56
283850 46
283898 64
283905 28
284005 80
284095 88
284269 69
284277 93
284306 16
284335 38
284340 3
284360 80
284374 28
284384 30
284485 7
284505 43
284545 62
284572 27
284585 39
284586 4
284667 52
284684 71
284701 91
284750 51
284771 60
284787 85
284825 16
284827 12
284866 86
284870 94
284990 44
285014 37
285079 3
285115 59
285316 56
285377 68
285379 56
285462 41
285501 90
285522 66
285547 83
285671 77
285839 94
285871 73
285994 68
286005 89
286049 7
286052 50
286095 9
286133 76
286168 46
286190 23
286197 17
286227 50
286343 73
286346 36
286360 72
286571 77
286602 31
286649 72
286655 34
286655 57
286663 55
286758 17
286775 100
286804 20
286836 91
286897 44
286902 41
286959 77
287015 31
287045 99
287140 42
287244 3
287247 48
287256 6
287291 74
287297 98
287513 66
287513 98
287564 5
287604 39
287629 80
287640 53
287653 11
287769 24
287770 58
287775 77
287880 35
287900 11
287931 10
288016 100
288056 8
288073 43
288086 44
288107 100
288166 90
288190 71
288217 83
288239 34
288244 22
288413 68
288453 68
288455 47
288460 72
288463 28
288544 73
288570 87
288617 16
288639 96
288640 30
288663 18
288680 100
288785 3
288794 82
288812 18
288837 8
288841 66
288849 75
288948 73
289157 80
289176 46
289196 64
289260 98
289287 18
289481 74
289508 17
289530 74
289550 94
289637 22
289639 6
289656 5
289717 6
289779 80
289798 39
289819 98
289858 94
289913 39
290066 34
290089 28
290157 88
290165 54
290240 10
290332 38
290344 19
290416 26
290435 48
290460 62
290577 100
290579 38
290580 63
290645 95
290691 100
290723 40
290735 50
290791 37
290791 81
290879 23
290886 10
290928 93
290933 45
290996 62
291034 71
291070 63
291109 42
291117 24
291134 61
291197 52
291224 66
291310 89
291378 24
291397 56
291414 68
291436 13
291490 55
291579 49
291660 36
291660 59
291682 15
291727 80
291851 7
291853 71
291881 3
291928 65
291967 56
291977 64
292009 69
292048 80
292171 23
292242 91
292320 84
292412 17
292463 37
292513 67
292529 20
292594 36
292594 47
292782 8
292825 83
292902 20
292919 53
292939 82
292990 31
293007 39
293023 9
293025 41
293033 13
293050 97
293151 98
293358 41
293415 12
293420 93
293461 26
293488 31
293509 2
293513 36
293519 11
293589 70
293639 35
293819 59
293841 49
293901 37
293925 31
293954 51
293964 56
294059 4
294146 90
294168 24
294185 95
294188 5
294278 58
294332 44
294355 68
294416 7
294425 45
294471 3
294524 95
294532 28
294543 31
294580 83
294585 89
294693 62
294782 34
294830 40
294892 14
294919 68
295065 48
295463 56
295521 98
295565 23
295568 79
295688 12
295771 83
295924 92
295958 91
295963 94
295967 51
296018 97
296039 63
296075 98
296122 55
296152 66
296160 64
296211 17
296231 87
296234 9
296291 80
296324 32
296326 62
296356 19
296425 76
296446 46
296453 77
296453 82
296504 68
296514 76
296559 66
296589 61
296672 8
296814 54
296817 9
296820 76
296836 60
296939 36
297004 16
297049 24
297050 13
297112 83
297146 16
297207 35
297279 72
297312 65
297367 91
297435 98
297558 76
297648 12
297658 26
297728 13
297745 16
297756 20
297809 2
297862 57
297909 61
297913 90
297914 76
297945 40
297972 22
298097 8
298124 61
298135 3
298177 14
298199 80
298224 62
298245 14
298246 45
298324 27
298477 42
298520 29
298550 43
298575 68
298614 32
298844 66
298948 91
299014 97
299028 97
299062 78
299123 94
299155 50
299203 84
299268 93
299530 86
299562 76
299572 74
299618 98
299688 21
299835 100
299892 25
299910 60
299917 49
299945 81
300026 89
300139 81
300163 5
300178 17
300190 82
300334 56
300370 37
300467 36
300496 78
300579 17
300631 72
300670 48
300670 52
300689 71
300705 86
300708 33
300831 16
300843 43
300880 84
300906 86
300925 1
300954 19
300989 57
301083 3
301136 54
301166 45
301186 86
301191 38
301355 18
301358 1
301359 91
301369 2
301379 32
301584 64
301617 95
301641 78
301668 11
301683 28
301711 14
301744 49
301825 31
301855 5
301922 39
301968 89
301981 56
302060 51
302094 48
302096 71
302170 58
302172 55
302172 78
302255 21
302327 64
302331 24
302337 55
302385 39
302412 83
302434 49
302569 78
302593 2
302600 43
302645 49
302679 37
302679 88
302695 11
302803 84
302825 73
302850 19
302857 39
302971 58
303160 28
303162 80
303209 21
303216 52
303270 17
303280 44
303280 54
303311 83
303362 94
303375 27
303388 6
303452 62
303630 94
303710 84
303729 83
303750 72
303795 93
303877 20
303889 72
303893 34
303925 97
303934 74
303957 28
303971 40
304060 61
304062 44
304120 30
304132 64
304188 22
304347 17
304397 73
304471 14
304577 87
304610 46
304718 28
304742 16
304785 84
304814 40
304843 51
304880 77
304900 1
304994 22
305003 56
305039 44
305074 73
305141 19
305172 83
305216 14
305236 9
305281 58
305293 43
305302 61
305305 41
305332 80
305340 57
305345 92
305416 33
305483 89
305510 9
305611 31
305620 31
305742 58
305744 54
305764 1
305919 79
305956 96
305959 34
305978 28
306100 65
306188 63
306198 63
306211 66
306237 32
306258 29
306396 77
306593 9
306629 39
306714 58
306852 74
306953 18
307031 6
307070 2
307091 46
307187 55
307196 32
307219 55
307240 21
307275 21
307316 99
307378 99
307410 72
307656 23
307674 79
307680 31
307699 95
307700 28
307813 92
307899 40
307925 100
307992 27
308026 90
308064 59
308315 15
308333 73
308373 21
308501 85
308527 77
308730 17
308741 71
308896 79
308964 31
308966 62
308967 2
309032 6
309203 96
309209 12
309350 75
309351 29
309414 34
309511 64
309551 43
309602 40
309624 79
309636 24
309699 30
309779 54
309783 95
309820 26
309885 91
309927 59
310102 53
310120 3
310121 53
310146 24
310326 16
310335 45
310347 8
310404 14
310479 63
310579 95
310596 46
310618 86
310647 78
310652 52
310682 89
310785 39
310894 33
310964 24
311035 96
311111 45
311262 65
311290 42
311472 18
311508 10
311520 85
311542 31
311581 95
311607 44
311617 29
311648 70
311658 63
311685 6
311745 92
311823 46
311889 38
311944 23
311967 94
312092 75
312111 55
312166 10
312197 34
312234 96
312245 26
312271 41
312322 34
312407 53
312447 32
312458 31
312814 63
312827 47
312859 42
312895 79
312942 17
312966 26
313090 66
313096 1
313098 48
313103 9
313145 85
313154 41
313216 39
313258 91
313369 49
313387 5
313438 22
313441 16
313622 29
313661 48
313681 29
313763 43
313772 88
313787 84
313793 11
313898 89
313927 31
314113 75
314244 22
314484 43
314525 80
314581 20
314599 1
314606 24
314616 19
314618 38
314659 80
314677 89
314741 48
314943 94
315055 58
315088 94
315098 38
315101 97
315262 18
315370 92
315397 40
315402 82
315488 54
315489 93
315658 37
315685 62
315927 78
315949 38
315961 64
316019 69
316099 9
316110 17
316125 36
316141 78
316148 50
316180 85
316253 24
316386 17
316407 86
316612 62
316615 22
316626 35
316685 74
316737 75
316774 94
316808 72
316815 65
316858 65
316895 100
316932 92
317028 27
317184 56
317224 62
317242 91
317283 91
317292 13
317372 74
317379 64
317452 15
317524 64
317565 51
317653 99
317733 80
317902 13
317982 85
318070 92
318084 67
318186 45
318282 32
318361 65
318382 37
318395 43
318494 76
318521 11
318530 99
318629 66
318649 95
318695 43
318704 2
318712 83
318715 32
318727 94
318759 76
318770 57
318777 28
318785 40
318825 73
318837 53
318937 88
318977 58
319038 59
319071 79
319073 70
319143 48
319182 48
319203 100
319220 78
319237 64
319256 26
319295 62
319381 17
319397 93
319398 58
319444 37
319456 62
319490 5
319556 10
319571 44
319623 72
319661 54
319682 80
319850 10
319883 38
319914 84
319965 54
320136 95
320182 69
320230 40
320271 11
320299 16
320300 38
320340 91
320376 76
320400 86
320408 14
320420 98
320435 51
320449 12
320451 46
320661 81
320710 5
320716 14
320731 20
320773 93
320909 35
320931 92
320999 25
321293 81
321297 69
321362 87
321519 97
321682 84
321745 57
321770 97
321778 33
321782 38
321820 16
321836 65
321865 7
321906 59
321996 10
322062 1
322072 85
322169 99
322263 63
322295 63
322356 15
322359 38
322420 23
322462 99
322499 83
322567 58
322605 24
322676 26
322681 79
322695 39
322712 39
322714 5
322719 32
322773 63
322790 46
322811 20
322896 89
322911 61
322949 17
322949 61
323015 38
323057 44
323065 60
323275 37
323362 48
323387 1
323394 60
323453 17
323516 25
323536 57
323536 66
323542 50
323555 45
323556 79
323681 32
323682 91
323683 46
323703 71
323707 95
323902 80
323906 36
323952 53
324132 89
324137 23
324160 59
324171 72
324204 44
324228 96
324242 45
324243 72
324243 80
324255 23
324316 2
324372 15
324435 77
324463 5
324594 20
324689 48
324718 31
324745 83
324873 27
324976 97
325102 2
325145 26
325183 98
325253 39
325281 40
325291 98
325342 61
325348 75
325361 50
325372 28
325382 87
325386 28
325395 40
325430 72
325451 82
325465 17
325542 45
325555 54
325613 49
325626 1
325629 52
325675 4
325680 51
325735 62
325815 9
325828 10
325852 78
325856 43
325959 57
325988 55
326018 51
326032 5
326075 77
326246 32
326247 46
326266 38
326269 55
326422 84
326427 60
326471 96
326595 82
326620 95
326651 47
326660 46
326922 48
326928 64
326934 94
326935 34
326943 60
326974 8
327001 27
327028 97
327106 51
327110 30
327120 95
327177 25
327183 95
327274 95
327393 45
327457 93
327622 68
327720 1
327764 77
327787 44
327806 8
327916 47
327938 32
327951 74
327978 20
327981 15
327982 79
328010 22
328012 18
328055 74
328115 88
328182 39
328186 94
328211 76
328355 89
328413 71
328466 90
328474 1
328529 21
328530 73
328534 61
328558 30
328569 64
328587 37
328673 57
328783 54
328813 70
328890 98
329097 18
329115 26
329128 59
329185 91
329203 95
329262 96
329267 88
329295 56
329347 64
329373 42
329458 86
329489 66
329503 52
329531 59
329582 55
329589 97
329605 72
329635 64
329641 67
329704 52
329755 63
329786 56
329792 63
329819 42
329928 94
329951 47
330156 59
330500 69
330525 65
330661 13
330724 53
330755 52
330771 21
330777 41
330799 66
330849 26
330865 68
330890 98
330902 61
331035 57
331039 11
331057 78
331106 67
331127 29
331128 41
331198 35
331226 23
331272 57
331447 8
331544 96
331601 58
331629 83
331668 47
331709 100
331743 84
331768 84
331819 1
331914 85
331962 23
332147 89
332230 59
332332 25
332338 47
332580 32
332646 96
332651 69
332671 93
332686 99
332699 2
332709 75
332730 95
332741 92
332801 68
332821 44
332839 63
332925 1
332934 38
332936 99
332978 100
332987 8
332995 27
333032 61
333219 32
333232 43
333309 60
333351 87
333551 29
333566 57
333576 82
333585 12
333585 65
333608 2
333624 48
333634 46
333649 98
333874 72
333932 74
333937 22
334021 70
334031 3
334039 66
334055 37
334062 45
334161 98
334285 68
334291 73
334310 60
334352 49
334361 18
334378 30
334380 18
334393 60
334408 59
334502 19
334506 36
334537 98
334606 94
334629 93
334783 10
334792 23
334797 32
334814 9
334815 38
334851 41
334852 42
334972 19
335029 8
335036 55
335076 99
335264 5
335269 36
335326 96
335466 84
335477 33
335527 46
335563 100
335689 39
335723 86
335725 69
335767 70
335782 29
335791 48
335801 23
335846 1
335867 68
335890 2
335894 30
335982 43
336031 12
336080 13
336094 12
336160 58
336186 6
336246 62
336247 11
336331 29
336402 100
336492 23
336534 18
336537 9
336561 28
336567 98
336604 19
336654 28
336654 69
336685 25
336696 89
336783 32
336851 6
336979 70
336984 98
337045 95
337145 66
337457 83
337546 53
337550 53
337689 32
337752 31
337778 88
337859 40
337871 76
337882 26
337922 52
337960 33
338025 97
338051 47
338069 54
338075 58
338153 76
338203 8
338225 75
338279 15
338328 63
338364 91
338415 65
338468 72
338518 61
338527 33
338637 24
338735 16
338761 33
338777 86
338785 10
338791 58
338806 16
338855 75
338921 98
338977 13
339083 68
339087 24
339113 86
339117 95
339120 66
339302 56
339323 89
339337 26
339341 40
339405 59
339445 9
339476 8
339487 53
339494 66
339535 90
339559 69
339571 70
339587 45
339619 72
339715 18
339767 81
339819 92
339898 57
339920 46
340019 86
340111 2
340212 29
340237 42
340273 33
340293 84
340304 76
340473 70
340510 64
340546 33
340599 76
340724 60
340784 20
340807 43
340890 87
340960 11
341139 7
341179 42
341218 85
341234 90
341242 40
341280 51
341296 78
341320 23
341356 41
341405 30
341408 11
341424 59
341502 64
341560 41
341574 97
341679 29
341689 42
341736 18
341750 25
341773 39
341826 77
341826 95
341863 69
341912 43
341988 89
342004 24
342043 14
342053 40
342064 91
342103 71
342214 3
342275 93
342300 38
342341 19
342403 100
342405 83
342425 56
342519 50
342664 93
342686 1
342805 6
342816 53
342842 1
342885 31
342901 32
342919 37
342924 46
343029 66
343158 98
343207 48
343228 62
343237 56
343350 30
343355 49
343497 80
343542 42
343566 46
343637 48
343665 73
343667 46
343889 15
343896 18
343947 66
343963 55
344044 35
344124 26
344215 80
344454 11
344481 95
344487 94
344512 54
344578 41
344585 51
344693 37
344695 11
344706 81
344811 75
344820 5
345053 53
345132 19
345156 95
345190 3
345255 82
345304 68
345314 25
345356 49
345452 18
345460 61
345570 66
345597 38
345622 32
345633 11
345655 38
345665 39
345692 11
345695 15
345778 29
345899 64
345955 66
345975 89
345976 50
345986 89
346174 16
346213 96
346477 36
346488 47
346508 83
346518 7
346613 93
346649 66
346695 7
346803 52
346814 82
346836 99
346837 73
346909 28
346919 82
346941 84
346953 13
347023 76
347032 37
347041 49
347076 4
347108 85
347202 82
347235 56
347267 69
347276 5
347461 74
347463 15
347528 1
347539 25
347545 70
347612 92
347614 95
347632 39
347754 27
347802 44
347812 69
347838 85
347856 96
347933 29
347944 67
348012 64
348063 94
348079 51
348202 100
348339 76
348349 11
348356 44
348379 89
348470 68
348497 37
348544 52
348639 57
348654 66
348676 44
348683 29
348735 9
348804 21
348809 59
348865 88
348867 97
349196 15
349199 64
349213 32
349248 36
349250 14
349263 2
349274 17
349352 18
349361 96
349387 44
349407 49
349426 55
349451 26
349465 100
349522 34
349744 1
349811 71
349871 62
349873 20
349942 24
350055 82
350212 73
350219 30
350301 19
350314 16
350514 96
350577 14
350580 76
350601 76
350704 91
350708 68
350759 82
350768 84
350861 94
350874 80
350898 48
350914 51
350951 80
351105 6
351110 7
351260 80
351329 90
351501 83
351582 37
351710 96
351777 17
351787 6
351830 32
351850 86
351975 88
352123 100
352129 100
352147 94
352203 8
352207 27
352216 77
352252 77
352256 4
352275 89
352283 58
352344 65
352347 4
352429 55
352494 6
352589 35
352631 31
352648 79
352657 84
352667 28
352700 22
352716 29
352762 73
352775 23
352789 37
352893 85
352901 91
352912 22
352950 22
352958 1
353056 55
353110 59
353143 67
353149 45
353311 9
353347 78
353383 75
353546 77
353558 61
353563 68
353708 23
353784 90
353793 37
353921 32
353949 81
353975 35
354035 72
354121 77
354134 2
354151 100
354182 22
354198 70
354280 45
354318 25
354337 20
354350 35
354384 57
354459 70
354575 58
354620 78
354672 27
354833 20
354993 56
355086 54
355143 69
355247 58
355313 58
355344 5
355370 14
355389 85
355447 36
355478 46
355581 73
355680 58
355739 72
355774 28
355913 8
355930 30
355990 27
356019 65
356038 91
356052 40
356089 79
356187 48
356190 37
356329 52
356341 38
356343 74
356372 54
356499 4
356575 53
356587 17
356731 58
356741 79
356875 68
356890 15
356950 70
356972 20
356972 40
357073 15
357200 39
357239 30
357342 62
357394 10
357404 26
357414 23
357448 86
357769 84
357867 19
357935 74
357955 37
357965 92
358005 1
358014 22
358115 88
358176 34
358188 75
358219 100
358230 51
358256 94
358321 85
358394 69
358414 29
358508 78
358556 76
358571 86
358574 50
358585 93
358624 55
358679 4
358702 33
358760 81
358840 53
358847 60
358855 46
358917 21
358932 76
359049 44
359215 39
359318 71
359348 80
359355 38
359423 86
359536 83
359536 100
359589 90
359603 62
359709 51
359735 89
359757 10
359760 34
359804 72
359837 30
359906 97
360048 39
360050 75
360076 65
360084 7
360125 73
360145 70
360195 46
360226 81
360275 69
360288 38
360363 7
360408 32
360453 20
360458 70
360462 90
360505 30
360600 53
360626 4
360880 97
360895 74
361034 44
361069 59
361095 5
361203 81
361225 21
361226 72
361258 78
361319 23
361407 31
361436 8
361457 4
361492 56
361509 11
361514 98
361534 94
361541 67
361571 94
361639 58
361657 88
361846 3
361877 72
361897 8
361899 84
361929 29
361969 33
361972 95
362032 45
362052 5
362053 94
362093 95
362105 58
362215 10
362263 65
362359 51
362467 24
362476 18
362504 97
362658 97
362678 12
362713 53
362801 28
362889 63
362897 17
362965 1
362968 3
362972 52
362972 84
362981 57
362986 13
363077 54
363097 71
363115 53
363153 6
363223 67
363284 48
363296 90
363308 53
363411 48
363418 95
363453 4
363545 52
363547 16
363613 56
363618 19
363658 91
363764 38
363784 54
363830 19
363854 13
363963 27
364148 94
364155 99
364187 2
364238 39
364387 21
364392 80
364447 83
364495 69
364537 83
364610 82
364757 94
364859 4
364878 73
364948 92
364963 78
364993 4
365032 65
365086 8
365163 15
365316 10
365323 57
365324 31
365376 24
365418 90
365608 84
365696 12
365766 31
365771 87
365776 7
365776 53
365826 10
365847 83
365925 1
365935 62
365942 8
365956 15
366011 59
366298 15
366350 3
366362 64
366400 79
366452 13
366519 99
366642 86
366651 77
366737 59
366773 16
366783 7
366842 34
366862 16
366936 21
367008 30
367037 70
367053 26
367054 93
367055 64
367055 70
367095 83
367098 41
367191 53
367231 2
367259 70
367269 58
367366 54
367389 98
367401 26
367431 41
367463 91
367505 84
367526 98
367586 85
367625 6
367651 64
367711 18
367725 16
367822 57
367855 58
367961 19
367981 75
368001 70
368009 70
368133 2
368149 64
368232 19
368240 93
368242 21
368245 73
368317 57
368447 15
368507 86
368674 70
368724 21
368750 79
368758 30
368879 77
368931 28
368960 40
369068 40
369162 70
369165 26
369169 85
369184 96
369214 2
369247 71
369270 91
369289 2
369347 12
369385 25
369387 70
369448 47
369467 47
369483 95
369509 9
369514 25
369567 8
369572 28
369586 69
369609 67
369631 60
369769 82
369805 88
369822 46
369825 12
369835 66
369855 39
369863 80
369944 48
369999 57
370025 9
370033 11
370090 59
370176 14
370179 15
370204 83
370299 50
370326 27
370365 62
370433 85
370450 66
370461 11
370538 81
370599 82
370948 79
370955 6
371065 9
371087 17
371210 55
371237 73
371245 100
371258 80
371390 2
371403 73
371475 47
371576 47
371656 19
371663 94
371697 40
371798 83
371919 52
372012 16
372172 81
372204 13
372253 62
372385 85
372396 72
372485 26
372520 97
372614 13
372675 60
372678 33
372772 17
372779 72
372847 47
372894 8
372904 85
372929 46
372963 28
372983 88
373003 35
373125 42
373139 94
373183 10
373275 71
373304 51
373357 58
373392 7
373409 3
373562 5
373622 43
373805 64
373808 15
373841 87
373855 19
374042 27
374046 50
374067 39
374177 31
374222 28
374359 89
374455 19
374522 51
374528 82
374592 17
374616 59
374626 17
374743 50
374774 16
374780 82
374793 37
374919 48
375088 4
375116 42
375141 42
375221 44
375231 86
375232 59
375237 6
375313 41
375342 8
375366 1
375415 62
375432 3
375502 39
375506 40
375514 69
375522 70
375575 100
375587 30
375658 94
375676 71
375708 41
375748 7
375767 25
375787 19
375788 78
375875 97
375921 70
376032 76
376189 2
376256 27
376475 44
376486 64
376512 42
376558 83
376769 28
376808 30
376840 83
376862 83
376942 38
376977 67
377058 88
377156 48
377188 70
377509 97
377512 96
377562 82
377707 45
377724 63
377791 15
377812 26
377821 48
377900 82
378243 78
378329 91
378430 14
378444 5
378450 84
378452 11
378521 30
378675 31
378812 41
378821 38
378832 22
378872 36
378908 53
378939 18
379014 51
379023 88
379046 43
379075 96
379077 82
379088 6
379135 91
379146 95
379159 38
379277 92
379291 34
379328 9
379472 8
379511 49
379559 31
379635 24
379782 81
379884 63
379890 6
379917 74
379939 65
379957 69
379965 81
380071 61
380124 98
380273 95
380343 72
380444 65
380445 15
380447 94
380519 38
380521 42
380571 37
380593 47
380757 90
380801 97
380855 85
380881 9
380943 13
380993 55
381033 39
381077 54
381251 46
381322 71
381364 70
381497 38
381507 14
381537 83
381559 33
381590 39
381643 66
381670 1
381721 100
381724 76
381728 70
381798 32
381799 49
382005 64
382019 80
382055 53
382068 60
382173 47
382223 16
382235 47
382360 84
382364 58
382404 20
382419 7
382516 12
382570 2
382582 24
382596 4
382681 90
382681 93
382716 7
382741 84
382822 26
382842 4
382842 14
382900 94
382905 56
382937 66
382948 86
382968 13
382970 81
383130 54
383171 55
383239 8
383298 77
383394 33
383449 45
383554 1
383570 61
383605 68
383660 82
383668 16
383797 79
383876 76
383978 35
384017 83
384022 76
384141 96
384155 41
384195 70
384230 94
384268 87
384288 95
384480 65
384547 16
384591 22
384595 11
384646 83
384671 67
384684 77
384704 100
385216 89
385222 8
385238 39
385291 98
385378 94
385403 9
385439 27
385449 8
385464 31
385482 42
385655 99
385699 74
385722 93
385857 76
385902 64
385949 26
386004 43
386145 21
386177 66
386202 66
386280 74
386313 96
386380 80
386407 12
386452 82
386501 71
386527 44
386602 33
386645 12
386689 61
386752 64
386796 8
386886 57
386908 98
386975 42
387073 53
387087 47
387137 65
387235 55
387265 65
387305 76
387363 96
387375 49
387505 3
387759 83
387864 96
387884 18
387970 42
388043 68
388054 9
388114 93
388127 4
388153 21
388195 98
388229 96
388238 80
388297 94
388322 54
388342 61
388398 85
388457 98
388472 31
388609 34
388689 57
388693 61
388783 51
388897 93
388900 5
388976 90
389045 80
389075 32
389129 54
389167 65
389173 54
389177 57
389182 2
389183 2
389189 67
389220 16
389347 34
389363 25
389451 79
389494 17
389663 1
389725 5
389744 73
389776 43
389818 59
389854 10
389884 64
389890 11
389896 48
389919 65
389928 83
390009 40
390081 83
390091 72
390111 53
390115 46
390144 28
390174 21
390294 23
390334 55
390466 45
390541 47
390558 9
390569 16
390621 16
390653 65
390668 22
390771 8
390871 85
390940 23
390987 62
391004 8
391081 67
391152 81
391266 23
391345 83
391398 44
391517 39
391566 81
391666 77
391667 21
391669 42
391683 16
391686 99
391744 29
391762 89
391827 48
391847 45
391857 7
391939 53
391947 95
392031 20
392074 89
392132 70
392197 9
392206 19
392209 45
392216 88
392233 93
392313 19
392331 3
392589 51
392657 31
392710 38
392849 55
392868 53
392869 15
392870 79
392885 15
392910 47
392977 66
393007 88
393042 22
393092 65
393116 99
393144 63
393174 86
393288 32
393356 64
393392 39
393403 73
393519 24
393642 46
393830 24
393886 9
393955 69
394024 16
394087 66
394125 19
394160 88
394204 90
394210 37
394231 50
394260 2
394279 16
394325 1
394329 3
394336 4
394357 8
394365 35
394654 16
394668 23
394702 15
394721 63
394736 63
394757 3
394769 73
394836 6
394859 87
394864 66
394896 93
394949 82
394977 33
395028 99
395072 79
395112 19
395197 93
395252 72
395282 82
395300 12
395354 42
395471 82
395504 92
395514 26
395561 6
395632 71
395644 68
395764 52
395765 12
395797 60
395824 94
395848 14
395877 64
395895 18
395988 41
396014 14
396015 87
396042 30
396053 69
396058 40
396194 35
396238 28
396239 50
396244 58
396368 38
396435 63
396498 92
396542 27
396693 72
396730 11
396758 98
396792 8
396795 63
396862 66
396871 35
397031 62
397069 12
397145 52
397169 22
397199 6
397306 83
397308 77
397355 63
397374 59
397462 57
397516 92
397666 21
397813 35
397865 47
397913 92
397964 18
397972 29
397980 84
398134 51
398204 19
398214 88
398266 60
398289 77
398298 70
398385 71
398422 94
398522 24
398571 76
398640 23
398746 21
398775 94
398788 9
399076 15
399110 75
399170 14
399205 2
399246 41
399320 78
399505 98
399548 50
399553 14
399624 67
399626 71
399631 32
399663 70
399694 54
399813 39
399824 35
399878 26
399900 33
399938 26
399993 27
400026 84
400180 13
400243 35
400248 99
400358 9
400379 61
400393 39
400441 40
400721 11
400761 75
400788 19
400795 23
400819 49
400848 82
400875 40
400892 52
400894 17
400937 42
400946 57
401034 3
401088 14
401091 56
401145 93
401289 89
401545 9
401569 37
401571 15
401587 98
401595 94
401641 97
401644 2
401669 100
401705 57
401786 10
401888 63
401984 77
402020 14
402126 68
402203 51
402245 8
402363 15
402368 94
402399 19
402412 52
402482 44
402519 53
402609 17
402646 74
402698 63
402720 16
402774 14
402798 78
402810 41
402844 6
402863 42
402928 61
403027 40
403048 4
403168 27
403272 65
403286 38
403369 3
403375 7
403394 32
403460 9
403475 19
403480 97
403579 14
403649 72
403694 24
403718 44
403998 6
404004 54
404211 2
404288 88
404311 49
404344 67
404404 48
404577 10
404738 60
404744 62
404892 96
404896 92
404904 44
404959 54
405003 91
405030 26
405043 4
405064 71
405183 68
405233 71
405261 44
405262 50
405356 92
405394 34
405421 17
405476 18
405493 54
405507 65
405586 23
405650 95
405667 30
405677 70
405681 51
405779 51
405849 96
405874 90
405880 7
405898 9
406048 39
406155 57
406176 1
406224 93
406256 99
406269 95
406284 39
406292 17
406489 35
406500 17
406506 26
406575 48
406797 6
406833 63
406896 23
407026 84
407089 65
407091 63
407164 6
407215 53
407233 11
407287 81
407288 23
407456 97
407676 39
407720 79
407722 17
407783 72
407829 65
407871 50
408022 81
408034 91
408040 100
408063 11
408065 17
408118 23
408125 54
408147 18
408165 33
408179 47
408211 87
408250 87
408263 62
408287 29
408289 47
408321 56
408353 39
408376 74
408554 48
408560 49
408667 24
408765 37
408823 54
408943 33
408948 97
408960 43
408989 7
408990 56
409007 7
409036 40
409066 24
409120 87
409170 41
409246 17
409407 92
409420 34
409428 54
409501 9
409580 59
409654 90
409693 32
409785 23
409818 58
409913 36
409948 51
409967 75
410047 78
410109 47
410189 51
410189 83
410193 54
410213 20
410264 33
410293 62
410323 55
410356 51
410371 42
410387 26
410463 70
410468 24
410525 5
410543 5
410596 4
410646 60
410701 19
410710 5
410836 29
410954 74
410973 33
411101 42
411113 74
411129 6
411131 94
411196 74
411270 79
411377 68
411390 86
411433 25
411438 69
411512 75
411540 94
411695 81
411701 28
411773 16
411821 76
411888 88
411943 8
411990 31
412014 92
412095 22
412188 93
412241 33
412334 85
412448 96
412489 93
412559 22
412581 8
412607 2
412646 69
412663 22
412764 82
412767 89
412849 10
412935 18
412975 19
413017 52
413043 1
413061 41
413208 79
413217 53
413348 67
413403 49
413442 11
413497 87
413549 50
413574 53
413582 16
413603 4
413646 14
413788 28
413876 46
413881 73
413897 91
413931 65
413940 43
413957 15
414026 30
414041 94
414050 27
414073 24
414108 96
414127 8
414321 90
414399 94
414589 48
414592 62
414667 22
414695 36
414718 6
414740 92
414779 19
414897 65
414950 60
415068 92
415100 46
415247 22
415251 75
415258 3
415259 61
415289 79
415302 13
415331 52
415344 62
415400 14
415482 93
415491 29
415501 45
415510 94
415536 68
415589 75
415727 67
415789 53
415802 11
415856 29
415884 81
415888 59
415912 49
416023 42
416040 93
416137 51
416150 57
416152 27
416209 47
416212 100
416312 46
416325 81
416428 70
416442 61
416470 98
416500 72
416522 26
416530 93
416535 44
416539 74
416547 3
416563 95
416765 69
416766 70
416830 73
416872 26
416913 96
416944 20
417000 10
417005 59
417085 61
417156 34
417286 56
417315 10
417411 66
417443 74
417444 52
417504 43
417653 35
417659 78
417661 78
417714 2
417784 56
417797 62
417827 9
417830 19
417838 16
417855 61
417986 75
417994 80
418010 24
418018 96
418021 24
418082 85
418102 28
418115 83
418168 2
418304 99
418319 99
418439 60
418454 45
418465 12
418466 64
418588 42
418683 82
418723 100
418765 24
418797 76
418864 70
418866 21
418988 60
419058 61
419068 32
419091 54
419109 36
419190 53
419368 7
419425 39
419427 74
419519 29
419536 69
419538 55
419546 19
419720 86
419722 32
419747 31
419804 52
419823 27
419830 6
419884 22
419899 75
419940 82
419993 56
420008 74
420027 32
420110 36
420155 33
420191 74
420279 67
420294 72
420299 100
420305 65
420335 99
420406 89
420432 52
420593 97
420679 54
420695 41
420736 93
420779 100
420780 32
420817 15
420862 64
420878 1
421213 20
421217 19
421313 9
421328 67
421720 5
421729 22
421742 56
421781 4
421795 13
421832 93
422053 93
422058 96
422071 35
422150 36
422193 55
422220 90
422225 45
422287 81
422319 70
422350 42
422403 47
422518 13
422547 75
422627 86
422795 57
422829 45
422833 54
422908 5
422925 83
423055 28
423075 38
423095 88
423159 86
423260 20
423311 22
423439 27
423480 82
423526 82
423548 72
423552 23
423783 63
423821 36
423873 8
423898 73
423920 63
423937 79
423946 11
423990 77
424065 73
424072 48
424075 23
424141 61
424152 10
424180 24
424274 66
424292 24
424318 23
424362 28
424372 30
424459 59
424473 35
424520 78
424521 46
424568 28
424588 59
424746 54
424777 14
424800 43
424843 29
424856 95
424858 81
424913 66
424920 32
425009 62
425023 84
425059 31
425063 55
425075 80
425081 7
425250 99
425276 52
425333 5
425400 53
425484 92
425503 68
425507 39
425538 7
425626 5
425629 32
425636 24
425666 77
425743 49
425758 30
425811 17
425845 26
425853 23
425949 76
425988 66
426005 8
426095 61
426151 96
426271 37
426289 56
426348 23
426364 36
426377 35
426382 81
426407 75
426600 55
426617 66
426703 33
426705 32
426725 31
426804 27
426848 41
426878 44
426920 12
426999 65
427018 41
427095 88
427266 23
427304 55
427306 85
427352 3
427482 57
427516 85
427534 54
427599 30
427625 76
427846 10
427863 54
427944 62
428011 26
428013 98
428086 21
428104 33
428147 29
428206 96
428560 65
428599 77
428604 65
428693 33
428705 59
428716 19
428736 70
428846 20
428863 50
428899 56
428934 89
428948 32
428949 48
428969 32
429033 49
429255 90
429265 91
429372 48
429401 11
429442 37
429506 58
429524 77
429553 21
429593 96
429680 30
429774 18
429793 88
429870 28
429897 6
429936 51
430049 54
430084 23
430096 100
430115 60
430142 66
430196 6
430242 71
430335 93
430425 47
430482 25
430489 89
430548 61
430625 30
430625 36
430723 98
430795 76
430801 6
430834 4
430856 22
431035 38
431052 77
431067 100
431199 53
431213 100
431220 73
431234 21
431240 84
431272 56
431318 74
431346 90
431354 27
431386 73
431402 10
431403 81
431437 51
431444 66
431516 22
431576 64
431632 24
431745 48
431774 57
431794 34
431972 58
432037 1
432119 25
432147 77
432229 54
432291 53
432423 17
432435 64
432440 66
432504 36
432580 82
432632 74
432650 25
432658 80
432661 43
432670 59
432746 13
432772 46
432773 27
432814 56
432858 23
432922 78
432938 49
432974 3
433002 54
433059 50
433235 60
433240 23
433367 90
433410 32
433524 38
433549 9
433564 30
433677 59
433760 61
433772 59
433822 92
433841 89
433865 83
433953 50
433967 68
434009 55
434018 55
434051 30
434156 75
434200 24
434214 84
434225 65
434243 79
434247 60
434256 53
434310 81
434316 16
434438 49
434450 32
434465 39
434475 42
434589 32
434601 55
434602 31
434669 41
434687 4
434714 23
434736 86
434745 99
434808 54
434907 80
434924 81
434934 12
435060 20
435078 2
435164 52
435199 72
435208 47
435209 28
435385 66
435467 47
435488 61
435504 99
435523 26
435533 40
435638 32
435720 99
435736 78
435743 43
435798 89
435883 68
436074 57
436138 22
436199 37
436371 47
436380 60
436385 81
436470 46
436493 74
436537 50
436687 96
436723 55
436795 94
436822 24
436832 19
436928 86
437003 55
437008 67
437024 99
437065 25
437074 25
437526 22
437532 14
437653 25
437732 90
437796 65
437856 95
438066 34
438067 14
438144 87
438250 37
438326 44
438340 84
438368 17
438372 37
438386 81
438426 39
438438 11
438510 68
438522 68
438543 64
438594 7
438618 94
438652 59
438713 68
438773 90
438817 22
438922 63
438965 34
438989 91
439042 16
439062 8
439117 30
439141 7
439165 41
439281 48
439394 89
439413 47
439464 17
439734 59
439784 17
439934 85
439961 72
440037 32
440040 98
440097 45
440156 19
440183 17
440183 90
440212 26
440235 54
440246 74
440250 80
440339 4
440399 76
440429 73
440485 23
440488 63
440607 54
440660 36
440684 78
440720 41
440868 2
440945 88
440980 65
441029 11
441032 48
441039 82
441127 74
441194 8
441223 62
441242 72
441250 7
441284 7
441384 25
441406 85
441432 30
441432 75
441547 39
441578 66
441630 23
441669 75
441697 8
441723 98
441727 35
441841 4
441892 26
441905 2
441984 41
442050 81
442185 57
442192 94
442218 60
442245 34
442329 66
442431 55
442477 65
442533 21
442562 93
442649 92
442657 62
442698 36
442742 78
442750 13
442753 40
442754 30
442823 27
442836 25
442932 90
442946 13
443088 13
443129 63
443180 68
443373 97
443509 92
443588 42
443606 62
443656 42
443684 5
443688 56
443826 72
443890 34
443893 91
443967 88
444118 41
444254 57
444287 33
444297 7
444334 24
444472 4
444488 25
444528 21
444565 78
444595 28
444770 43
444865 25
444890 54
444915 13
444935 22
445099 64
445121 64
445139 29
445249 60
445312 88
445416 7
445478 74
445483 27
445517 21
445540 42
445568 50
445595 100
445611 50
445637 45
445710 14
445735 27
445770 43
445803 27
445806 100
445868 78
445891 80
445977 91
446046 3
446064 21
446090 77
446108 32
446205 59
446239 16
446374 95
446548 13
446556 56
446559 3
446630 43
446650 53
446654 85
446726 22
446765 23
446765 24
446807 13
446812 98
446814 34
446855 92
446899 16
446905 88
446906 84
446915 53
446925 11
447055 49
447055 64
447076 84
447178 80
447183 75
447200 64
447201 50
447228 51
447263 41
447324 10
447325 35
447332 62
447423 51
447469 39
447534 35
447602 66
447616 80
447623 75
447741 92
447946 99
447999 71
448023 83
448075 94
448238 38
448278 7
448368 7
448404 36
448467 19
448481 60
448486 63
448486 92
448674 24
448675 46
448680 37
448737 57
448934 12
448942 64
448994 35
449032 99
449033 63
449125 29
449181 65
449224 44
449242 51
449244 12
449262 18
449286 22
449344 44
449399 4
449535 28
449623 50
449724 3
449731 20
449827 47
449907 98
449924 43
449939 75
449977 48
449986 62
449995 20
450045 67
450065 48
450081 13
450122 96
450144 38
450169 67
450172 23
450222 59
450228 57
450238 87
450263 3
450304 77
450333 17
450485 83
450537 55
450669 77
450709 68
450777 80
450980 52
451007 11
451020 3
451101 94
451170 44
451331 87
451333 82
451365 29
451394 27
451396 80
451500 20
451541 42
451668 5
451853 73
451968 72
451971 61
452010 36
452048 17
452053 47
452078 18
452080 97
452096 77
452136 44
452137 79
452175 68
452220 52
452268 5
452295 83
452333 5
452361 65
452489 53
452506 66
452559 86
452649 59
452668 69
452698 68
452718 72
452791 87
452799 23
452814 39
452820 59
452877 18
452877 77
452946 24
453058 44
453062 75
453084 49
453144 35
453182 26
453243 98
453290 28
453352 99
453359 29
453394 39
453407 89
453421 63
453437 7
453446 89
453486 85
453515 91
453567 14
453573 70
453599 52
453602 39
453603 69
453624 11
453653 36
453662 13
453745 62
453800 37
453859 76
453938 12
453962 12
454004 89
454020 46
454157 10
454175 71
454241 59
454269 64
454281 91
454314 74
454341 19
454341 75
454346 32
454372 41
454374 86
454430 45
454442 26
454485 20
454553 19
454562 21
454568 78
454569 26
454573 23
454614 76
454712 32
454735 93
454741 97
454752 22
454840 72
454845 88
454960 64
454969 55
455160 10
455166 64
455216 38
455248 58
455282 56
455315 63
455326 17
455340 91
455395 96
455466 8
455467 4
455477 50
455480 44
455524 48
455562 39
455577 48
455578 78
455628 68
455646 20
455664 80
455706 75
455713 7
455754 65
455808 95
455809 38
455873 26
455877 23
455925 43
455934 66
456055 62
456115 56
456118 51
456151 13
456274 37
456368 52
456433 56
456460 35
456464 8
456514 32
456600 42
456620 11
456689 99
456733 23
456737 80
456739 82
456911 2
456936 9
456965 59
456987 42
457066 38
457093 37
457096 77
457114 84
457165 7
457190 55
457289 89
457328 84
457368 94
457457 15
457458 22
457461 3
457497 15
457514 95
457563 88
457687 7
457826 44
457836 63
457851 64
457971 98
458019 5
458047 88
458054 3
458070 19
458091 4
458146 14
458165 49
458302 48
458339 41
458390 84
458449 64
458452 30
458579 35
458602 86
458648 98
458661 17
458669 43
458805 63
458817 89
459031 40
459164 22
459234 51
459236 97
459316 90
459385 98
459420 19
459432 98
459507 33
459518 75
459546 45
459562 26
459621 38
459623 52
459676 86
459696 87
459895 44
459976 99
460014 82
460038 53
460047 77
460147 13
460151 84
460262 19
460264 32
460280 70
460397 30
460490 72
460548 77
460613 10
460622 64
460636 42
460642 45
460806 64
460831 43
460838 82
460900 8
460919 57
460943 3
460983 12
461135 29
461210 98
461248 28
461274 13
461275 48
461279 98
461298 11
461357 25
461413 4
461466 61
461534 53
461586 36
461647 46
461661 97
461720 51
461765 32
461800 28
461914 45
461928 77
461943 92
462031 13
462040 75
462076 56
462093 4
462287 5
462315 68
462331 22
462346 57
462412 61
462477 48
462508 14
462620 33
462649 32
462680 21
462811 82
462835 73
462889 80
462902 72
462903 98
462941 70
462977 92
463007 70
463021 37
463064 26
463121 64
463182 53
463264 31
463284 34
463288 63
463309 62
463320 62
463327 9
463362 33
463537 84
463550 34
463571 50
463596 43
463735 39
463740 57
463799 29
463808 97
463848 8
463881 13
463892 76
463916 65
463952 87
463978 79
464003 67
464092 40
464176 64
464223 30
464400 76
464545 10
464567 60
464661 29
464688 21
464697 52
464726 14
464749 16
464761 35
464785 70
464830 32
464840 66
464863 51
464979 32
464982 100
465000 63
465038 38
465052 79
465088 50
465098 53
465164 78
465371 7
465373 44
465411 65
465437 29
465451 33
465490 39
465654 99
465668 73
465685 10
465691 7
465745 55
465777 7
465875 63
465949 98
466096 96
466098 55
466156 21
466169 62
466294 96
466307 68
466320 3
466350 64
466490 82
466530 30
466642 50
466672 7
466705 77
466720 16
466749 91
466832 9
466856 53
466957 35
467040 29
467153 21
467213 71
467240 21
467368 57
467404 84
467640 85
467684 58
467685 31
467736 2
467845 21
467847 27
467895 54
467908 48
467983 52
468111 88
468121 80
468158 97
468238 91
468310 81
468335 98
468336 27
468339 21
468591 46
468611 84
468622 46
468627 96
468673 77
468701 89
468733 12
468794 50
468798 87
468851 48
468897 67
468931 68
468955 60
468960 54
468976 77
469059 58
469083 39
469114 99
469420 63
469459 70
469676 13
469684 20
469697 14
469699 35
469746 2
469887 39
470001 9
470050 3
470150 35
470161 2
470205 8
470243 95
470310 57
470404 66
470433 76
470474 88
470520 85
470545 78
470601 84
470716 79
470732 25
470742 45
470930 54
470937 23
470958 69
470963 42
471030 31
471033 76
471064 69
471088 18
471100 90
471247 96
471262 14
471298 17
471504 22
471578 83
471599 24
471641 21
471707 15
471750 49
471950 9
472083 45
472111 36
472127 28
472160 47
472223 11
472291 86
472416 47
472420 62
472566 15
472630 62
472636 18
472657 36
472674 68
472715 63
472766 84
472777 59
472887 10
472964 94
472985 31
473040 40
473109 66
473147 79
473300 6
473347 12
473433 83
473531 49
473538 26
473606 47
473620 35
473834 33
473852 63
473876 5
473925 70
473947 52
474037 38
474076 55
474080 4
474168 43
474221 37
474223 95
474263 73
474311 24
474324 60
474335 67
474348 46
474409 2
474438 62
474474 54
474540 37
474569 6
474571 36
474584 25
474615 27
474631 3
474714 50
474864 63
474875 46
474911 27
474988 59
474990 57
475001 15
475046 65
475106 86
475129 65
475169 72
475201 54
475246 87
475298 88
475377 34
475403 11
475440 68
475538 56
475643 88
475686 18
475843 35
475938 38
476008 93
476055 8
476195 42
476205 79
476507 45
476512 44
476539 20
476661 79
476735 60
476743 10
476749 23
476759 49
476791 5
476802 42
476903 16
476992 56
477010 38
477095 74
477216 7
477262 79
477302 10
477313 10
477379 50
477477 57
477483 63
477523 36
477531 62
477536 66
477590 23
477635 80
477708 73
477792 69
477866 41
477892 33
477907 99
477961 39
478020 15
478032 45
478062 11
478196 30
478215 45
478218 29
478238 14
478250 60
478272 26
478283 96
478322 47
478347 64
478374 18
478609 40
478633 25
478643 41
478722 22
478736 23
478753 37
478851 100
478862 77
478929 81
478999 46
479112 58
479141 79
479162 43
479177 30
479360 54
479361 33
479393 19
479397 76
479406 62
479410 79
479427 2
479452 51
479511 81
479594 38
479645 49
479649 79
479663 8
479859 90
479903 51
479906 30
479926 9
479927 64
479979 86
480071 78
480139 29
480207 2
480283 13
480331 80
480341 5
480352 89
480409 13
480432 91
480523 47
480543 19
480651 96
480652 23
480721 56
480724 39
480739 34
480749 44
480765 49
480769 14
480877 68
480884 79
480911 87
480939 65
480965 21
481081 85
481117 3
481171 82
481206 25
481247 26
481322 22
481344 81
481394 10
481443 72
481568 85
481651 53
481659 93
481757 63
481762 77
481823 53
481870 11
481885 47
481959 3
482028 78
482075 75
482096 83
482200 93
482245 82
482329 2
482363 22
482477 10
482493 43
482525 45
482548 99
482568 27
482620 91
482659 92
482693 93
482705 50
482708 17
482733 12
482747 63
482767 87
482781 61
482848 28
482964 72
482990 80
483085 2
483144 83
483254 32
483321 43
483411 3
483522 21
483572 80
483575 88
483596 87
483620 54
483649 90
483693 51
483696 74
483703 50
483711 86
483760 54
483851 41
483917 6
483930 61
483933 94
483939 42
484006 54
484057 39
484103 62
484134 36
484168 46
484224 27
484257 77
484379 9
484486 33
484613 43
484762 66
484776 98
484823 13
484914 34
485037 2
485180 28
485182 13
485213 72
485225 15
485240 47
485272 58
485444 67
485493 18
485516 9
485522 96
485696 75
485752 99
485760 34
485826 33
485829 50
486036 33
486094 43
486114 16
486190 95
486196 15
486200 100
486241 6
486244 4
486259 40
486277 85
486373 84
486398 67
486401 29
486475 51
486489 25
486497 6
486502 75
486597 42
486670 68
486675 81
486720 26
486815 84
486829 97
486867 29
486876 90
486991 84
487009 74
487065 3
487150 28
487152 45
487264 69
487285 28
487297 58
487304 3
487316 15
487397 75
487460 88
487537 1
487571 98
487589 41
487618 68
487677 57
487782 82
487834 17
487937 66
487941 68
488027 77
488035 4
488097 53
488104 83
488167 40
488277 71
488338 87
488361 87
488411 30
488431 89
488447 83
488485 96
488497 44
488522 3
488601 81
488659 47
488714 36
488727 65
488824 41
488915 29
488926 87
488981 92
488990 48
489055 74
489064 70
489165 34
489238 74
489363 21
489419 31
489453 33
489471 64
489508 2
489556 52
489596 11
489609 7
489652 87
489658 4
489665 68
489772 83
489778 53
489835 60
489999 57
490123 60
490162 33
490221 95
490289 56
490348 35
490363 69
490424 18
490458 34
490489 70
490495 69
490532 81
490537 56
490568 78
490591 2
490728 40
490733 76
490867 26
490944 52
490958 4
491093 24
491113 25
491233 16
491301 67
491431 34
491435 23
491455 23
491548 34
491575 59
491600 41
491653 24
491653 59
491690 9
491750 99
491793 64
491824 17
491881 48
492021 56
492024 26
492127 32
492152 97
492214 5
492219 87
492263 64
492312 39
492333 32
492478 93
492516 75
492538 47
492542 53
492546 75
492614 30
492631 67
492651 70
492660 37
492787 62
492812 30
492880 26
492905 75
492963 24
492998 60
493024 82
493196 71
493278 37
493307 13
493417 35
493430 68
493481 8
493586 18
493599 41
493629 92
493630 85
493631 12
493723 18
493752 17
493760 10
493769 84
493795 89
493805 69
493824 45
493854 76
493862 20
493893 34
493948 83
493960 23
493966 76
494037 32
494125 31
494128 31
494168 94
494175 53
494265 8
494337 2
494345 20
494353 42
494406 82
494498 20
494504 22
494648 13
494680 87
494692 61
494745 42
494756 52
494798 6
494861 33
494954 19
494995 90
495000 11
495046 67
495049 78
495218 79
495263 95
495320 51
495337 79
495345 50
495437 88
495544 40
495570 7
495678 2
495706 63
495746 15
495852 54
495916 75
495966 16
496004 67
496176 100
496179 55
496357 61
496440 52
496574 20
496605 1
496621 75
496689 91
496699 85
496714 32
496801 67
496824 7
496838 20
496897 6
496906 47
497057 34
497082 49
497277 100
497315 68
497364 83
497394 35
497411 3
497428 30
497517 65
497622 96
497623 10
497699 91
497704 94
497705 59
497718 61
497775 8
497835 82
497895 8
497906 46
497906 58
497952 84
497961 10
497975 67
497982 64
498158 9
498164 65
498168 28
498278 34
498342 93
498371 82
498443 48
498510 72
498586 6
498670 35
498691 43
498720 29
498759 89
498774 38
498779 68
498867 6
498894 53
498953 40
499100 89
499102 20
499107 17
499139 3
499153 50
499235 92
499410 60
499444 59
499479 20
499518 95
499539 78
499544 33
499556 9
499689 39
499705 61
499717 8
499872 62
499909 53
499920 89
499993 20
