1 1000
11 93
20 1
20 76
23 59
28 388
29 2
38 463
41 87
42 263
46 364
60 386
62 292
63 33
71 216
78 145
83 221
83 307
85 299
91 19
95 380
97 10
101 35
104 191
107 86
123 357
126 112
126 440
129 222
130 480
131 140
133 29
138 274
150 467
160 140
163 91
175 241
175 378
177 98
182 208
186 312
188 332
191 327
196 98
197 468
208 195
219 130
221 243
221 283
244 485
253 105
254 281
262 269
262 330
265 160
269 37
270 338
285 132
290 45
295 148
297 183
300 372
301 263
313 168
324 168
328 455
345 455
354 107
362 327
363 268
367 217
368 30
368 147
369 106
386 340
401 54
403 86
410 79
412 134
422 88
422 225
424 331
429 235
430 164
433 206
436 221
440 331
449 8
453 355
459 254
467 190
467 357
477 265
479 104
480 129
481 278
483 27
484 416
487 166
488 66
492 118
503 294
506 389
512 15
514 252
515 23
525 423
528 111
530 459
537 25
539 186
540 312
542 403
544 459
555 157
557 467
560 75
564 105
575 480
587 91
593 88
593 257
600 270
604 176
607 109
613 129
622 180
631 364
640 340
659 489
664 72
671 475
675 498
680 254
686 395
694 178
694 213
695 344
698 226
699 302
699 375
707 384
722 133
729 195
731 308
731 433
734 489
736 216
739 459
748 267
752 403
757 273
757 323
762 373
764 238
764 259
766 90
776 54
777 436
791 138
792 227
799 495
802 8
803 6
804 389
810 432
812 499
814 80
816 385
824 30
828 20
833 74
837 239
837 390
839 182
841 223
842 362
846 108
851 97
851 249
856 406
860 88
869 28
870 67
874 348
879 61
879 156
887 355
891 273
894 294
895 346
896 496
901 105
906 467
910 264
910 401
913 496
914 450
923 16
931 15
931 205
937 312
939 175
942 340
954 160
955 316
957 425
963 247
965 193
966 327
968 382
973 464
981 365
982 269
986 376
996 42
997 329
998 436
999 180
1005 463
1013 336
1017 145
1017 413
1024 216
1030 150
1041 46
1052 214
1053 233
1057 263
1058 113
1059 328
1059 444
1064 117
1066 211
1068 348
1076 416
1079 124
1087 443
1087 458
1094 34
1097 54
1099 70
1104 472
1105 304
1110 41
1114 170
1116 119
1119 77
1121 85
1127 213
1128 45
1139 72
1146 492
1147 299
1154 130
1159 166
1163 490
1164 20
1171 148
1172 200
1172 497
1186 173
1187 37
1195 154
1200 63
1205 396
1214 88
1217 84
1226 435
1231 3
1236 254
1242 418
1247 19
1256 207
1261 131
1261 471
1267 452
1272 118
1275 188
1276 387
1277 231
1279 104
1290 332
1297 363
1299 188
1303 464
1317 50
1320 418
1332 51
1340 417
1345 169
1345 408
1353 318
1358 496
1373 155
1384 378
1388 295
1389 194
1391 75
1397 37
1397 45
1397 230
1406 496
1407 5
1435 426
1439 356
1440 347
1448 307
1455 377
1460 99
1461 263
1471 366
1472 177
1474 107
1477 24
1481 391
1483 8
1488 406
1494 402
1502 176
1504 16
1513 237
1541 481
1554 360
1555 457
1566 9
1567 185
1570 424
1574 328
1587 278
1611 201
1611 341
1621 148
1632 234
1644 71
1644 340
1648 27
1648 90
1651 227
1655 33
1657 129
1666 126
1669 249
1670 94
1675 81
1680 84
1681 206
1681 331
1681 408
1684 17
1686 124
1687 93
1708 364
1715 317
1724 155
1738 351
1742 128
1743 281
1750 450
1753 318
1758 260
1763 418
1768 86
1770 92
1785 472
1786 111
1789 88
1792 107
1795 356
1804 218
1823 234
1823 481
1832 405
1840 254
1842 53
1846 102
1850 90
1855 299
1856 220
1862 1
1862 418
1868 3
1869 92
1877 346
1885 32
1888 377
1897 269
1901 292
1909 279
1920 401
1922 281
1942 322
1943 306
1950 67
1952 222
1958 355
1981 413
1983 128
1989 180
1993 368
1994 367
2013 209
2022 96
2025 386
2030 428
2040 207
2042 341
2052 452
2060 249
2064 494
2068 405
2072 28
2072 323
2076 316
2087 356
2096 41
2099 117
2112 287
2113 94
2127 39
2128 246
2138 182
2139 193
2139 439
2142 14
2144 184
2145 313
2145 446
2147 181
2152 100
2152 129
2157 131
2164 351
2165 278
2166 391
2168 86
2174 283
2182 122
2206 169
2214 400
2217 141
2217 321
2224 12
2224 284
2237 396
2248 188
2250 219
2255 135
2256 53
2257 59
2271 184
2273 303
2274 402
2276 463
2293 316
2297 353
2297 365
2299 313
2308 105
2308 206
2312 174
2316 497
2317 51
2317 323
2318 127
2330 335
2330 344
2333 445
2337 35
2341 430
2343 287
2348 142
2351 409
2380 229
2381 360
2389 307
2392 6
2397 313
2406 350
2410 137
2411 19
2430 315
2432 47
2443 254
2445 328
2453 296
2457 244
2457 297
2464 82
2466 465
2467 245
2485 387
2489 216
2499 350
2504 129
2510 473
2514 218
2514 271
2518 279
2524 260
2535 307
2540 218
2543 327
2545 356
2552 438
2553 375
2562 214
2565 283
2565 362
2569 37
2572 494
2579 8
2584 485
2587 394
2596 398
2617 291
2623 91
2624 159
2630 484
2642 138
2643 124
2651 136
2655 173
2659 11
2682 458
2698 125
2699 54
2705 273
2721 235
2721 424
2723 85
2727 305
2731 267
2736 131
2737 372
2740 154
2743 115
2757 130
2758 453
2760 262
2772 130
2780 319
2783 199
2793 390
2794 425
2796 30
2803 21
2837 218
2838 49
2838 199
2845 36
2848 92
2867 83
2870 203
2874 209
2879 40
2880 118
2881 384
2885 12
2892 20
2899 284
2902 170
2902 464
2905 304
2905 439
2908 109
2918 328
2919 104
2920 492
2922 10
2922 61
2929 319
2932 424
2935 12
2962 51
2965 12
2973 145
2982 361
2989 401
3009 232
3012 142
3016 285
3032 418
3037 377
3039 454
3049 449
3051 448
3064 24
3078 325
3082 272
3090 455
3091 484
3094 4
3122 250
3125 433
3129 88
3133 117
3138 139
3143 489
3146 142
3146 335
3154 313
3161 89
3162 137
3167 252
3172 467
3181 113
3186 205
3190 169
3193 19
3193 291
3199 62
3206 340
3220 113
3220 341
3221 207
3234 457
3253 12
3259 217
3261 160
3261 345
3264 121
3265 95
3268 339
3272 337
3274 478
3287 256
3288 25
3292 348
3294 311
3300 218
3308 490
3316 400
3318 416
3320 240
3327 155
3332 267
3336 365
3340 490
3344 120
3346 196
3346 334
3347 108
3347 303
3351 250
3354 462
3362 496
3365 297
3367 66
3375 352
3375 381
3382 499
3390 201
3390 416
3399 23
3399 56
3402 355
3409 123
3411 240
3413 70
3422 324
3424 382
3430 26
3439 409
3442 128
3447 209
3448 168
3450 77
3453 339
3453 410
3454 360
3459 470
3461 298
3467 45
3477 248
3478 320
3478 419
3483 77
3489 268
3493 257
3496 236
3502 111
3510 210
3510 330
3519 430
3520 233
3521 101
3522 142
3525 427
3535 20
3538 174
3539 171
3553 165
3554 395
3556 191
3560 293
3561 426
3575 163
3579 276
3579 323
3582 43
3586 80
3586 253
3588 282
3588 478
3591 432
3596 186
3601 255
3608 260
3608 438
3612 432
3617 376
3621 142
3621 424
3634 35
3641 77
3643 496
3655 139
3656 120
3658 315
3670 467
3678 54
3689 351
3691 259
3694 447
3695 3
3696 448
3700 19
3705 441
3707 398
3711 156
3717 391
3717 411
3718 429
3727 267
3728 47
3729 230
3734 318
3738 339
3742 4
3744 73
3748 271
3753 75
3754 52
3759 144
3761 55
3763 159
3764 219
3778 297
3778 355
3782 212
3787 390
3792 488
3796 20
3797 357
3801 297
3802 489
3807 411
3809 266
3809 469
3816 162
3818 196
3818 490
3820 29
3822 254
3824 368
3833 478
3840 424
3848 348
3850 160
3860 364
3860 481
3869 16
3887 236
3888 184
3888 198
3890 17
3891 58
3892 185
3896 255
3897 260
3899 371
3900 326
3901 221
3901 279
3902 214
3907 476
3912 338
3914 143
3927 216
3928 122
3931 50
3931 375
3943 273
3950 20
3952 243
3956 98
3961 185
3968 160
3973 42
3979 101
3983 19
3993 275
3994 363
3995 131
4007 116
4010 102
4012 92
4020 444
4021 49
4021 123
4030 455
4034 431
4037 497
4041 463
4042 387
4061 84
4070 55
4071 56
4072 488
4074 34
4081 405
4083 380
4085 303
4088 164
4088 191
4090 250
4093 249
4097 162
4100 10
4107 133
4109 370
4116 121
4116 381
4125 32
4129 493
4130 239
4134 42
4138 313
4142 62
4146 6
4146 324
4156 300
4158 349
4159 69
4160 23
4164 234
4170 184
4173 253
4177 468
4179 420
4180 117
4182 456
4184 39
4185 316
4191 376
4194 166
4199 77
4204 263
4205 338
4205 463
4210 80
4215 201
4226 304
4245 474
4249 82
4268 387
4276 474
4285 455
4296 45
4300 154
4302 179
4302 250
4306 208
4308 348
4311 242
4311 445
4314 99
4314 488
4331 434
4342 480
4348 385
4349 280
4349 309
4358 41
4358 308
4361 400
4363 76
4367 145
4371 227
4377 294
4381 37
4384 357
4390 87
4390 453
4402 329
4406 119
4410 245
4413 361
4421 160
4433 275
4436 374
4439 193
4440 292
4446 341
4454 381
4460 17
4460 88
4466 457
4469 204
4476 257
4489 211
4495 89
4497 104
4508 70
4511 304
4512 50
4522 196
4523 17
4528 164
4538 318
4539 317
4543 387
4546 463
4554 450
4560 52
4561 406
4571 204
4571 306
4579 281
4600 144
4608 121
4613 309
4627 492
4630 427
4633 65
4641 299
4646 357
4647 148
4649 394
4650 186
4655 350
4662 70
4665 285
4669 256
4671 382
4681 396
4686 210
4692 69
4694 319
4694 436
4696 399
4697 394
4702 221
4709 78
4728 266
4764 285
4766 361
4784 426
4788 60
4788 363
4789 115
4795 306
4809 178
4817 16
4819 474
4831 62
4842 90
4843 159
4845 172
4850 204
4859 334
4861 390
4863 197
4863 258
4864 366
4870 99
4898 264
4902 114
4913 16
4917 275
4923 60
4923 252
4928 193
4931 293
4935 410
4938 439
4940 492
4942 438
4943 80
4943 96
4943 131
4964 71
4965 420
4967 106
4971 276
4979 321
4983 177
4984 99
4992 11
4999 48
