28 394 16
qchjkuxpxngebxrmqdg
jsosencrbwknllvuc
ubyozfmttxtlsrrnrqav
haszrenhlbzpn
jgqftvwguk
wsekfcgllbzlnvmo
mvqubtw
gltvmmzmslqdxqi
fzkaq
sxzguseuexlycgubhdnw
rssyiybitcoo
lhmmrdpgtrdwalvff
nwibhwhac
fjcmw
pox
navvxwsvprpymskzn
bsq
wssucxrmywerfpziqdz
ycnynthgmdavybzbq
crgvwalcp
utzx
qlkchithcdezsaefldd
lgtixbnagkqrzesc
rihwqpl
pspk
vifbmnqwi
bkzqiygwfunefiwp
ueumdwugbfgnojjrjp
30
76
18
22
46
48
24
74
62
42
46
60
6
8
18
22
56
88
94
46
28
86
26
22
88
24
42
44
64
78
26
62
24
10
28
82
94
92
64
26
100
68
68
78
14
12
90
100
46
10
64
80
2
52
100
52
48
70
92
14
50
46
86
92
66
98
76
36
56
46
82
38
98
2
22
100
56
4
62
60
88
98
34
2
12
82
72
88
28
16
56
66
54
92
20
28
16
46
86
60
78
34
8
12
46
54
88
60
46
14
94
94
62
96
46
46
74
50
38
14
44
88
94
78
92
10
6
74
42
6
92
82
32
2
100
6
80
46
16
78
70
20
96
4
16
28
52
4
30
88
50
28
40
74
48
28
8
6
10
10
58
62
8
68
22
68
14
62
26
88
38
76
32
90
28
96
2
66
38
76
58
44
22
94
70
98
60
40
68
40
20
54
78
32
86
44
66
28
62
66
68
56
14
72
46
52
4
94
86
8
100
8
72
76
20
8
84
46
82
26
42
62
88
90
24
62
86
34
68
94
12
70
34
70
26
98
100
52
50
58
56
64
42
2
60
78
20
40
38
76
70
4
84
92
82
74
56
80
6
64
66
24
66
90
64
66
80
30
30
28
22
74
86
98
12
70
78
42
100
36
20
92
34
84
18
70
24
14
30
30
28
58
30
50
62
100
18
70
60
60
14
8
96
36
50
36
6
20
98
98
76
34
8
98
42
30
100
60
68
42
2
34
4
84
56
80
74
86
76
44
64
18
94
20
54
32
84
48
76
90
26
62
24
74
20
66
58
58
96
94
42
14
42
54
58
62
12
94
22
12
60
44
92
2
22
94
94
24
84
6
28
88
68
26
62
84
80
26
46
50
90
52
92
48
64
26
28
28
76
32
22
14
14
98
