10 1000
3 330
8 108
16 204
18 151
21 296
23 481
24 120
29 385
30 22
37 240
50 18
50 403
56 193
63 377
63 407
65 177
66 138
66 359
69 55
69 385
70 322
74 243
75 214
79 273
83 303
87 362
93 473
100 254
102 311
107 233
108 422
111 84
117 257
118 411
121 438
122 101
137 133
141 12
143 187
148 355
149 451
152 251
162 47
165 201
167 84
184 214
192 337
192 368
193 155
194 8
205 315
215 170
217 131
222 427
225 156
227 281
230 95
232 334
233 466
234 273
250 343
252 344
255 79
256 343
265 95
269 29
271 143
281 221
285 112
287 65
287 428
299 40
302 321
313 490
324 387
327 417
332 14
334 30
334 237
340 209
340 442
347 54
351 263
378 407
379 149
384 472
397 215
398 468
411 185
412 51
443 25
444 364
447 102
451 196
456 29
460 364
470 226
484 495
490 462
491 405
496 154
496 439
498 438
503 329
503 383
509 330
510 199
513 196
523 123
526 425
532 283
535 398
537 16
538 3
547 496
553 165
558 498
579 204
596 204
612 3
614 164
614 289
619 347
619 398
621 285
628 167
628 395
634 83
646 423
660 189
664 115
682 391
684 39
696 219
696 361
697 79
699 72
704 495
707 153
719 164
721 391
725 402
727 41
729 309
735 403
739 339
765 259
765 283
773 323
780 277
782 131
786 194
799 3
799 271
806 102
813 191
824 142
829 241
849 57
852 72
861 165
874 55
881 322
886 312
888 120
891 253
893 53
897 414
898 298
906 120
909 59
909 467
910 209
919 362
922 115
923 219
928 415
933 270
940 358
941 469
943 323
944 51
946 199
951 248
956 369
958 71
967 158
969 350
983 29
984 290
985 221
988 228
996 152
999 375
1002 371
1004 230
1012 490
1013 283
1019 283
1020 383
1031 88
1032 346
1034 141
1039 54
1039 120
1044 315
1058 416
1059 236
1068 133
1082 156
1085 37
1085 382
1085 499
1089 181
1089 429
1097 62
1098 411
1113 213
1114 117
1115 41
1116 54
1129 251
1131 273
1133 305
1138 413
1141 336
1143 161
1148 34
1181 369
1204 206
1204 231
1212 391
1216 373
1224 492
1233 144
1246 427
1249 124
1253 499
1255 29
1277 26
1278 138
1278 492
1279 354
1281 448
1305 209
1306 130
1315 278
1322 117
1332 122
1333 295
1335 205
1337 474
1341 296
1345 398
1346 271
1347 246
1373 369
1377 426
1378 333
1378 393
1387 5
1391 421
1391 430
1393 193
1394 9
1394 140
1398 258
1401 200
1420 219
1428 449
1430 244
1431 328
1441 38
1445 456
1448 117
1452 135
1460 395
1462 87
1462 468
1465 401
1481 375
1489 121
1490 49
1492 431
1506 426
1508 3
1511 477
1517 184
1519 331
1520 32
1524 241
1530 494
1532 200
1537 6
1542 136
1542 434
1554 414
1555 198
1558 393
1567 24
1568 341
1574 52
1575 236
1575 441
1579 277
1587 444
1588 499
1598 305
1600 260
1603 279
1621 413
1623 91
1625 25
1626 370
1630 218
1632 131
1635 314
1636 114
1636 337
1642 311
1647 226
1650 313
1651 113
1653 197
1658 302
1664 118
1680 140
1685 395
1689 208
1701 452
1712 79
1717 491
1718 479
1726 374
1729 372
1729 414
1732 126
1732 468
1738 290
1741 97
1744 171
1747 30
1751 351
1755 78
1758 24
1758 91
1761 244
1761 343
1763 175
1764 128
1767 230
1769 84
1775 141
1784 127
1787 466
1789 364
1795 26
1795 124
1803 15
1811 59
1811 451
1813 211
1814 63
1817 215
1821 467
1825 425
1827 375
1827 428
1829 45
1829 464
1830 325
1833 240
1841 315
1855 352
1855 453
1857 426
1858 117
1867 367
1884 158
1894 47
1894 69
1894 201
1902 63
1907 56
1922 173
1926 290
1930 256
1931 266
1934 406
1942 182
1942 311
1947 111
1950 146
1955 66
1967 259
1974 281
1985 194
1989 308
2002 391
2005 161
2013 371
2021 284
2022 167
2025 351
2032 58
2035 243
2037 105
2040 24
2056 189
2062 162
2067 335
2068 400
2072 208
2079 43
2079 410
2085 367
2088 478
2089 295
2091 246
2107 324
2111 411
2116 257
2118 233
2120 178
2124 20
2125 405
2127 20
2131 335
2147 16
2150 288
2152 60
2152 88
2156 301
2157 125
2165 68
2166 343
2169 469
2170 18
2174 59
2174 483
2178 168
2189 101
2190 475
2197 358
2199 20
2212 261
2216 42
2216 191
2216 379
2220 158
2231 108
2233 205
2237 363
2244 394
2245 28
2253 435
2254 329
2256 465
2258 64
2259 293
2268 492
2269 193
2274 233
2281 490
2282 486
2283 401
2288 239
2302 228
2324 269
2327 106
2328 329
2330 189
2337 36
2337 395
2340 46
2340 414
2348 216
2360 173
2364 121
2367 445
2369 387
2372 265
2374 51
2384 358
2413 416
2418 372
2439 162
2446 432
2447 128
2451 21
2453 447
2455 334
2470 353
2473 59
2480 271
2488 56
2489 69
2497 190
2502 366
2503 334
2505 238
2508 283
2512 304
2519 472
2525 53
2525 398
2526 379
2528 472
2532 356
2536 76
2539 85
2539 132
2539 400
2547 73
2547 231
2562 469
2569 465
2586 492
2594 96
2595 401
2604 121
2626 135
2629 246
2632 47
2636 295
2639 252
2642 65
2642 367
2644 357
2650 105
2651 410
2658 299
2662 274
2674 340
2676 440
2678 415
2679 87
2680 337
2681 348
2688 11
2690 40
2692 387
2703 491
2706 253
2714 120
2714 177
2717 470
2725 419
2725 442
2727 320
2728 309
2729 181
2734 380
2762 378
2765 289
2775 484
2776 234
2785 6
2785 94
2796 202
2798 121
2805 169
2805 415
2814 80
2822 55
2822 343
2824 336
2829 344
2834 89
2834 185
2834 280
2846 59
2854 359
2860 13
2873 164
2901 345
2903 206
2906 5
2910 64
2920 33
2922 300
2930 40
2931 76
2931 200
2940 47
2954 173
2954 267
2958 41
2960 267
2970 215
2976 66
2977 344
2978 313
2994 473
2998 98
2998 376
3001 185
3013 153
3013 189
3013 451
3014 220
3019 295
3019 314
3021 178
3021 272
3021 275
3021 301
3039 71
3042 59
3046 226
3049 458
3054 230
3062 175
3067 47
3068 4
3085 127
3087 396
3087 475
3088 462
3101 29
3105 112
3110 245
3112 104
3112 236
3114 378
3119 10
3122 127
3149 100
3155 385
3158 222
3160 50
3169 239
3169 394
3175 284
3182 114
3183 238
3187 162
3187 443
3188 49
3212 69
3225 408
3227 209
3228 338
3231 464
3237 287
3242 19
3250 195
3253 149
3254 189
3254 256
3257 55
3264 277
3274 440
3281 122
3293 219
3296 161
3296 262
3305 217
3305 224
3317 491
3323 52
3325 220
3325 406
3326 216
3327 407
3329 16
3329 85
3336 65
3338 468
3340 491
3355 17
3358 103
3365 338
3368 1
3374 187
3378 419
3384 213
3387 443
3388 74
3394 462
3397 395
3403 225
3423 343
3434 24
3437 58
3444 490
3457 190
3468 47
3468 251
3482 141
3487 322
3488 302
3488 369
3489 328
3489 409
3497 309
3500 139
3520 430
3523 439
3534 171
3540 379
3542 116
3542 188
3543 99
3547 84
3548 415
3549 273
3561 16
3564 180
3564 465
3568 79
3576 402
3579 172
3580 300
3587 432
3589 290
3603 193
3606 436
3626 40
3631 283
3639 124
3644 239
3646 172
3659 341
3660 263
3665 173
3666 302
3673 268
3675 380
3685 188
3688 457
3691 292
3698 417
3705 340
3708 88
3716 300
3726 100
3726 198
3734 494
3736 369
3739 451
3753 421
3762 100
3769 125
3770 55
3773 354
3776 208
3778 370
3785 367
3789 5
3796 253
3798 332
3800 486
3815 153
3817 10
3821 473
3823 335
3824 6
3825 100
3833 366
3843 50
3845 423
3850 308
3856 312
3871 373
3872 1
3877 132
3877 456
3878 304
3879 191
3883 133
3884 147
3889 186
3889 216
3897 210
3901 284
3905 19
3907 73
3914 280
3915 190
3925 330
3931 409
3942 161
3945 482
3948 141
3949 54
3951 49
3952 63
3959 50
3959 52
3964 499
3968 208
3968 373
3979 339
3984 220
3990 410
3995 6
3996 21
3996 93
3996 264
4003 324
4014 380
4016 286
4018 284
4025 243
4028 24
4032 90
4034 409
4052 155
4052 238
4057 480
4068 477
4070 125
4074 295
4088 132
4089 429
4104 237
4110 424
4111 446
4113 20
4116 419
4123 112
4123 280
4124 65
4125 276
4125 324
4132 277
4138 133
4138 243
4138 390
4145 480
4148 471
4151 207
4163 69
4170 413
4179 330
4180 299
4212 268
4229 478
4246 312
4256 170
4264 119
4264 267
4265 135
4267 242
4268 35
4271 26
4272 15
4284 37
4285 27
4291 115
4292 231
4294 141
4296 311
4298 31
4300 117
4300 243
4312 498
4313 435
4318 171
4319 468
4330 471
4332 497
4336 86
4336 105
4336 472
4337 117
4340 74
4340 209
4342 384
4347 130
4351 333
4357 393
4358 416
4360 54
4363 451
4365 246
4368 53
4369 254
4383 47
4384 232
4388 496
4391 8
4392 296
4393 183
4396 452
4403 500
4404 464
4414 55
4414 257
4415 348
4419 179
4421 1
4430 166
4431 133
4432 334
4442 100
4446 496
4448 283
4448 478
4449 127
4458 248
4458 300
4459 302
4460 450
4472 138
4484 275
4488 345
4490 125
4498 26
4503 294
4506 293
4517 453
4518 455
4522 169
4532 370
4533 460
4549 409
4552 375
4555 174
4557 334
4560 93
4567 308
4568 406
4577 384
4579 372
4592 204
4602 197
4602 268
4603 478
4614 412
4620 222
4625 411
4637 291
4643 449
4646 180
4647 5
4649 463
4651 116
4655 67
4662 447
4663 164
4663 339
4664 329
4665 143
4672 345
4680 107
4682 131
4685 151
4687 429
4699 450
4712 101
4719 26
4719 63
4730 84
4734 206
4736 335
4741 299
4744 280
4747 464
4755 135
4757 132
4763 308
4774 167
4774 188
4782 491
4790 63
4790 155
4796 176
4801 37
4806 324
4817 195
4821 292
4821 389
4822 287
4863 1
4863 350
4867 181
4868 44
4874 479
4875 336
4900 201
4902 423
4914 425
4920 215
4927 60
4932 197
4939 170
4946 340
4949 170
4951 196
4953 52
4957 103
4963 54
4975 90
4975 235
4984 424
4994 444
4995 162
4996 460
